        TS        CNT        SUM        MIN        MAX        AVG
1297191601   1.000000   0.000012   0.000012   0.000012   0.000012
1297191602   1.000000   0.000012   0.000012   0.000012   0.000012
1297191603   1.000000   0.000012   0.000012   0.000012   0.000012
1297191604   1.000000   0.000012   0.000012   0.000012   0.000012
1297191605   1.000000   0.000012   0.000012   0.000012   0.000012
1297191606   1.000000   0.000012   0.000012   0.000012   0.000012
1297191607   1.000000   0.000012   0.000012   0.000012   0.000012
1297191608   1.000000   0.050012   0.050012   0.050012   0.050012
1297191609   1.000000   1.000012   1.000012   1.000012   1.000012
