  #ts device    rd_s rd_avkb rd_mb_s rd_mrg rd_cnc   rd_rt    wr_s wr_avkb wr_mb_s wr_mrg wr_cnc   wr_rt busy in_prg    io_s  qtime stime
  1.0 sda3    1406.0    16.0    21.9     1%    0.6     0.4    46.3    30.6     1.4    67%    0.0     0.1  41%      0  1452.4    0.1   0.3
  1.0 sda4    1406.0    16.0    21.9     1%    0.6     0.4    46.3    30.6     1.4    67%    0.0     0.1  41%      0  1452.4    0.1   0.3
  2.0 sda3    1580.1    16.0    24.6     1%    0.6     0.4   163.7    31.1     5.0    36%    0.1     0.2  46%      1  1743.8    0.1   0.2
  2.0 sda4    1580.1    16.0    24.6     1%    0.6     0.4   163.7    31.1     5.0    36%    0.1     0.2  46%      1  1743.8    0.1   0.2
  3.0 sda3    1296.7    16.0    20.2     1%    0.5     0.4    51.3    25.2     1.3    62%    0.0     0.1  42%      1  1348.0    0.1   0.3
  3.0 sda4    1296.7    16.0    20.2     1%    0.5     0.4    51.3    25.2     1.3    62%    0.0     0.1  42%      1  1348.0    0.1   0.3
  4.1 sda3    1429.7    16.0    22.3     1%    0.5     0.3    73.9    30.5     2.2    57%    0.0     0.1  40%      0  1503.6    0.1   0.2
  4.1 sda4    1429.7    16.0    22.3     1%    0.5     0.3    73.9    30.5     2.2    57%    0.0     0.1  40%      0  1503.6    0.1   0.2
  5.1 sda3    1258.1    16.0    19.6     1%    0.4     0.3   158.7    34.4     5.3    36%    0.1     0.2  37%      0  1416.9    0.1   0.2
  5.1 sda4    1258.1    16.0    19.6     1%    0.4     0.3   158.7    34.4     5.3    36%    0.1     0.2  37%      0  1416.9    0.1   0.2
