  #ts device          rd_s rd_avkb rd_mb_s rd_mrg rd_cnc   rd_rt    wr_s wr_avkb wr_mb_s wr_mrg wr_cnc   wr_rt busy in_prg    io_s  qtime stime
  2.0 ram0             0.0     0.0     0.0     0%    0.0     0.0     0.0     0.0     0.0     0%    0.0     0.0   0%      0     0.0    0.0   0.0
  2.0 cciss/c0d0       0.0     0.0     0.0     0%    0.0     0.0    23.0    26.6     0.6    85%    0.0     0.1   0%      0    23.0    0.1   0.0
  2.0 cciss/c0d0p1     0.0     0.0     0.0     0%    0.0     0.0     0.0     0.0     0.0     0%    0.0     0.0   0%      0     0.0    0.0   0.0
  2.0 cciss/c0d0p2     0.0     0.0     0.0     0%    0.0     0.0    23.0    26.6     0.6    85%    0.0     0.1   0%      0    23.0    0.1   0.0
  2.0 cciss/c0d1     466.5    22.3    10.2     0%   11.2    23.9   985.0    23.8    22.8     0%    0.1     0.1  92%     18  1451.5    7.1   0.6
  2.0 cciss/c1d0       0.0     0.0     0.0     0%    0.0     0.0     0.0     0.0     0.0     0%    0.0     0.0   0%      0     0.0    0.0   0.0
  2.0 dm-0             0.0     0.0     0.0     0%    0.0     0.0   153.0     4.0     0.6     0%    0.1     0.8   0%      0   153.0    0.8   0.0
  2.0 md0              0.0     0.0     0.0     0%    0.0     0.0     0.0     0.0     0.0     0%    0.0     0.0   0%      0     0.0    0.0   0.0
  4.0 ram0             0.0     0.0     0.0     0%    0.0     0.0     0.0     0.0     0.0     0%    0.0     0.0   0%      0     0.0    0.0   0.0
  4.0 cciss/c0d0       0.0     0.0     0.0     0%    0.0     0.0    16.0    17.8     0.3    77%    0.0     0.1   0%      0    16.0    0.1   0.0
  4.0 cciss/c0d0p1     0.0     0.0     0.0     0%    0.0     0.0     0.0     0.0     0.0     0%    0.0     0.0   0%      0     0.0    0.0   0.0
  4.0 cciss/c0d0p2     0.0     0.0     0.0     0%    0.0     0.0    16.0    17.8     0.3    77%    0.0     0.1   0%      0    16.0    0.1   0.0
  4.0 cciss/c0d1     373.0    23.6     8.6     0%   10.2    27.3   560.0    23.1    12.6     0%    0.1     0.1  91%     17   933.0   10.0   1.0
  4.0 cciss/c1d0       0.0     0.0     0.0     0%    0.0     0.0     0.0     0.0     0.0     0%    0.0     0.0   0%      0     0.0    0.0   0.0
  4.0 dm-0             0.0     0.0     0.0     0%    0.0     0.0     0.0     0.0     0.0     0%    0.0     0.0   0%      0     0.0    0.0   0.0
  4.0 md0              0.0     0.0     0.0     0%    0.0     0.0     0.0     0.0     0.0     0%    0.0     0.0   0%      0     0.0    0.0   0.0
  5.0 ram0             0.0     0.0     0.0     0%    0.0     0.0     0.0     0.0     0.0     0%    0.0     0.0   0%      0     0.0    0.0   0.0
  5.0 cciss/c0d0       0.0     0.0     0.0     0%    0.0     0.0     4.0    31.0     0.1    87%    0.0     0.0   0%      0     4.0    0.0   0.0
  5.0 cciss/c0d0p1     0.0     0.0     0.0     0%    0.0     0.0     0.0     0.0     0.0     0%    0.0     0.0   0%      0     0.0    0.0   0.0
  5.0 cciss/c0d0p2     0.0     0.0     0.0     0%    0.0     0.0     4.0    31.0     0.1    87%    0.0     0.0   0%      0     4.0    0.0   0.0
  5.0 cciss/c0d1     848.0    21.3    17.7     0%   21.6    25.4  1979.0    24.9    48.0     0%    0.2     0.1 178%      9  2827.0    7.1   0.6
  5.0 cciss/c1d0       0.0     0.0     0.0     0%    0.0     0.0     0.0     0.0     0.0     0%    0.0     0.0   0%      0     0.0    0.0   0.0
  5.0 dm-0             0.0     0.0     0.0     0%    0.0     0.0     0.0     0.0     0.0     0%    0.0     0.0   0%      0     0.0    0.0   0.0
  5.0 md0              0.0     0.0     0.0     0%    0.0     0.0     0.0     0.0     0.0     0%    0.0     0.0   0%      0     0.0    0.0   0.0
  7.0 ram0             0.0     0.0     0.0     0%    0.0     0.0     0.0     0.0     0.0     0%    0.0     0.0   0%      0     0.0    0.0   0.0
  7.0 cciss/c0d0       0.0     0.0     0.0     0%    0.0     0.0    21.0    37.3     0.8    89%    0.0     0.1   0%      0    21.0    0.0   0.0
  7.0 cciss/c0d0p1     0.0     0.0     0.0     0%    0.0     0.0     0.0     0.0     0.0     0%    0.0     0.0   0%      0     0.0    0.0   0.0
  7.0 cciss/c0d0p2     0.0     0.0     0.0     0%    0.0     0.0    21.0    37.3     0.8    89%    0.0     0.1   0%      0    21.0    0.0   0.0
  7.0 cciss/c0d1     340.0    18.3     6.1     0%    8.1    23.8   913.0    24.7    22.0     0%    0.1     0.1  86%      5  1253.0    5.8   0.7
  7.0 cciss/c1d0       0.0     0.0     0.0     0%    0.0     0.0     0.0     0.0     0.0     0%    0.0     0.0   0%      0     0.0    0.0   0.0
  7.0 dm-0             0.0     0.0     0.0     0%    0.0     0.0   194.5     4.0     0.8     0%    0.1     0.6   0%      0   194.5    0.6   0.0
  7.0 md0              0.0     0.0     0.0     0%    0.0     0.0     0.0     0.0     0.0     0%    0.0     0.0   0%      0     0.0    0.0   0.0
