  #ts device rd_mb_s rd_cnc   rd_rt wr_mb_s wr_cnc   wr_rt busy in_prg
  1.0 ram0       0.0    0.0     0.0     0.0    0.0     0.0   0%      0
  1.0 ram1       0.0    0.0     0.0     0.0    0.0     0.0   0%      0
  1.0 ram2       0.0    0.0     0.0     0.0    0.0     0.0   0%      0
  1.0 ram3       0.0    0.0     0.0     0.0    0.0     0.0   0%      0
  1.0 ram4       0.0    0.0     0.0     0.0    0.0     0.0   0%      0
  1.0 ram5       0.0    0.0     0.0     0.0    0.0     0.0   0%      0
  1.0 ram6       0.0    0.0     0.0     0.0    0.0     0.0   0%      0
  1.0 ram7       0.0    0.0     0.0     0.0    0.0     0.0   0%      0
  1.0 ram8       0.0    0.0     0.0     0.0    0.0     0.0   0%      0
  1.0 ram9       0.0    0.0     0.0     0.0    0.0     0.0   0%      0
  1.0 ram10      0.0    0.0     0.0     0.0    0.0     0.0   0%      0
  1.0 ram11      0.0    0.0     0.0     0.0    0.0     0.0   0%      0
  1.0 ram12      0.0    0.0     0.0     0.0    0.0     0.0   0%      0
  1.0 ram13      0.0    0.0     0.0     0.0    0.0     0.0   0%      0
  1.0 ram14      0.0    0.0     0.0     0.0    0.0     0.0   0%      0
  1.0 ram15      0.0    0.0     0.0     0.0    0.0     0.0   0%      0
  1.0 loop0      0.0    0.0     0.0     0.0    0.0     0.0   0%      0
  1.0 loop1      0.0    0.0     0.0     0.0    0.0     0.0   0%      0
  1.0 loop2      0.0    0.0     0.0     0.0    0.0     0.0   0%      0
  1.0 loop3      0.0    0.0     0.0     0.0    0.0     0.0   0%      0
  1.0 loop4      0.0    0.0     0.0     0.0    0.0     0.0   0%      0
  1.0 loop5      0.0    0.0     0.0     0.0    0.0     0.0   0%      0
  1.0 loop6      0.0    0.0     0.0     0.0    0.0     0.0   0%      0
  1.0 loop7      0.0    0.0     0.0     0.0    0.0     0.0   0%      0
  1.0 sda        0.0    0.0     0.0     0.0    0.0     0.0   0%      0
  1.0 sda1       0.0    0.0     0.0     0.0    0.0     0.0   0%      0
  1.0 sda2       0.0    0.0     0.0     0.0    0.0     0.0   0%      0
  1.0 sda3       0.0    0.0     0.0     0.0    0.0     0.0   0%      0
  1.0 sda4       0.0    0.0     0.0     0.0    0.0     0.0   0%      0
  1.0 sdb        0.0    0.0     0.0     0.0    0.0     0.0   0%      0
  1.0 sdb1       0.0    0.0     0.0     0.0    0.0     0.0   0%      0
  #ts device rd_mb_s rd_cnc   rd_rt wr_mb_s wr_cnc   wr_rt busy in_prg
  2.0 ram0       0.0    0.0     0.0     0.0    0.0     0.0   0%      0
  2.0 ram1       0.0    0.0     0.0     0.0    0.0     0.0   0%      0
  2.0 ram2       0.0    0.0     0.0     0.0    0.0     0.0   0%      0
  2.0 ram3       0.0    0.0     0.0     0.0    0.0     0.0   0%      0
  2.0 ram4       0.0    0.0     0.0     0.0    0.0     0.0   0%      0
  2.0 ram5       0.0    0.0     0.0     0.0    0.0     0.0   0%      0
  2.0 ram6       0.0    0.0     0.0     0.0    0.0     0.0   0%      0
  2.0 ram7       0.0    0.0     0.0     0.0    0.0     0.0   0%      0
  2.0 ram8       0.0    0.0     0.0     0.0    0.0     0.0   0%      0
  2.0 ram9       0.0    0.0     0.0     0.0    0.0     0.0   0%      0
  2.0 ram10      0.0    0.0     0.0     0.0    0.0     0.0   0%      0
  2.0 ram11      0.0    0.0     0.0     0.0    0.0     0.0   0%      0
  2.0 ram12      0.0    0.0     0.0     0.0    0.0     0.0   0%      0
  2.0 ram13      0.0    0.0     0.0     0.0    0.0     0.0   0%      0
  2.0 ram14      0.0    0.0     0.0     0.0    0.0     0.0   0%      0
  2.0 ram15      0.0    0.0     0.0     0.0    0.0     0.0   0%      0
  2.0 loop0      0.0    0.0     0.0     0.0    0.0     0.0   0%      0
  2.0 loop1      0.0    0.0     0.0     0.0    0.0     0.0   0%      0
  2.0 loop2      0.0    0.0     0.0     0.0    0.0     0.0   0%      0
  2.0 loop3      0.0    0.0     0.0     0.0    0.0     0.0   0%      0
  2.0 loop4      0.0    0.0     0.0     0.0    0.0     0.0   0%      0
  2.0 loop5      0.0    0.0     0.0     0.0    0.0     0.0   0%      0
  2.0 loop6      0.0    0.0     0.0     0.0    0.0     0.0   0%      0
  2.0 loop7      0.0    0.0     0.0     0.0    0.0     0.0   0%      0
  2.0 sda        0.0    0.0     0.0     0.0    0.0     0.0   0%      0
  2.0 sda1       0.0    0.0     0.0     0.0    0.0     0.0   0%      0
  2.0 sda2       0.0    0.0     0.0     0.0    0.0     0.0   0%      0
  2.0 sda3       0.0    0.0     0.0     0.0    0.0     0.0   0%      0
  2.0 sda4       0.0    0.0     0.0     0.0    0.0     0.0   0%      0
  2.0 sdb        0.0    0.0     0.0     0.0    0.0     0.0   0%      0
  2.0 sdb1       0.0    0.0     0.0     0.0    0.0     0.0   0%      0
  #ts device rd_mb_s rd_cnc   rd_rt wr_mb_s wr_cnc   wr_rt busy in_prg
  3.0 ram0       0.0    0.0     0.0     0.0    0.0     0.0   0%      0
  3.0 ram1       0.0    0.0     0.0     0.0    0.0     0.0   0%      0
  3.0 ram2       0.0    0.0     0.0     0.0    0.0     0.0   0%      0
  3.0 ram3       0.0    0.0     0.0     0.0    0.0     0.0   0%      0
  3.0 ram4       0.0    0.0     0.0     0.0    0.0     0.0   0%      0
  3.0 ram5       0.0    0.0     0.0     0.0    0.0     0.0   0%      0
  3.0 ram6       0.0    0.0     0.0     0.0    0.0     0.0   0%      0
  3.0 ram7       0.0    0.0     0.0     0.0    0.0     0.0   0%      0
  3.0 ram8       0.0    0.0     0.0     0.0    0.0     0.0   0%      0
  3.0 ram9       0.0    0.0     0.0     0.0    0.0     0.0   0%      0
  3.0 ram10      0.0    0.0     0.0     0.0    0.0     0.0   0%      0
  3.0 ram11      0.0    0.0     0.0     0.0    0.0     0.0   0%      0
  3.0 ram12      0.0    0.0     0.0     0.0    0.0     0.0   0%      0
  3.0 ram13      0.0    0.0     0.0     0.0    0.0     0.0   0%      0
  3.0 ram14      0.0    0.0     0.0     0.0    0.0     0.0   0%      0
  3.0 ram15      0.0    0.0     0.0     0.0    0.0     0.0   0%      0
  3.0 loop0      0.0    0.0     0.0     0.0    0.0     0.0   0%      0
  3.0 loop1      0.0    0.0     0.0     0.0    0.0     0.0   0%      0
  3.0 loop2      0.0    0.0     0.0     0.0    0.0     0.0   0%      0
  3.0 loop3      0.0    0.0     0.0     0.0    0.0     0.0   0%      0
  3.0 loop4      0.0    0.0     0.0     0.0    0.0     0.0   0%      0
  3.0 loop5      0.0    0.0     0.0     0.0    0.0     0.0   0%      0
  3.0 loop6      0.0    0.0     0.0     0.0    0.0     0.0   0%      0
  3.0 loop7      0.0    0.0     0.0     0.0    0.0     0.0   0%      0
  3.0 sda        0.0    0.0     0.0     0.0    0.0     0.0   0%      0
  3.0 sda1       0.0    0.0     0.0     0.0    0.0     0.0   0%      0
  3.0 sda2       0.0    0.0     0.0     0.0    0.0     0.0   0%      0
  3.0 sda3       0.0    0.0     0.0     0.0    0.0     0.0   0%      0
  3.0 sda4       0.0    0.0     0.0     0.0    0.0     0.0   0%      0
  3.0 sdb        0.0    0.0     0.0     0.0    0.0     0.0   0%      0
  3.0 sdb1       0.0    0.0     0.0     0.0    0.0     0.0   0%      0
  #ts device rd_mb_s rd_cnc   rd_rt wr_mb_s wr_cnc   wr_rt busy in_prg
  4.0 ram0       0.0    0.0     0.0     0.0    0.0     0.0   0%      0
  4.0 ram1       0.0    0.0     0.0     0.0    0.0     0.0   0%      0
  4.0 ram2       0.0    0.0     0.0     0.0    0.0     0.0   0%      0
  4.0 ram3       0.0    0.0     0.0     0.0    0.0     0.0   0%      0
  4.0 ram4       0.0    0.0     0.0     0.0    0.0     0.0   0%      0
  4.0 ram5       0.0    0.0     0.0     0.0    0.0     0.0   0%      0
  4.0 ram6       0.0    0.0     0.0     0.0    0.0     0.0   0%      0
  4.0 ram7       0.0    0.0     0.0     0.0    0.0     0.0   0%      0
  4.0 ram8       0.0    0.0     0.0     0.0    0.0     0.0   0%      0
  4.0 ram9       0.0    0.0     0.0     0.0    0.0     0.0   0%      0
  4.0 ram10      0.0    0.0     0.0     0.0    0.0     0.0   0%      0
  4.0 ram11      0.0    0.0     0.0     0.0    0.0     0.0   0%      0
  4.0 ram12      0.0    0.0     0.0     0.0    0.0     0.0   0%      0
  4.0 ram13      0.0    0.0     0.0     0.0    0.0     0.0   0%      0
  4.0 ram14      0.0    0.0     0.0     0.0    0.0     0.0   0%      0
  4.0 ram15      0.0    0.0     0.0     0.0    0.0     0.0   0%      0
  4.0 loop0      0.0    0.0     0.0     0.0    0.0     0.0   0%      0
  4.0 loop1      0.0    0.0     0.0     0.0    0.0     0.0   0%      0
  4.0 loop2      0.0    0.0     0.0     0.0    0.0     0.0   0%      0
  4.0 loop3      0.0    0.0     0.0     0.0    0.0     0.0   0%      0
  4.0 loop4      0.0    0.0     0.0     0.0    0.0     0.0   0%      0
  4.0 loop5      0.0    0.0     0.0     0.0    0.0     0.0   0%      0
  4.0 loop6      0.0    0.0     0.0     0.0    0.0     0.0   0%      0
  4.0 loop7      0.0    0.0     0.0     0.0    0.0     0.0   0%      0
  4.0 sda        0.0    0.0     0.0     0.0    0.0     0.0   0%      0
  4.0 sda1       0.0    0.0     0.0     0.0    0.0     0.0   0%      0
  4.0 sda2       0.0    0.0     0.0     0.0    0.0     0.0   0%      0
  4.0 sda3       0.0    0.0     0.0     0.0    0.0     0.0   0%      0
  4.0 sda4       0.0    0.0     0.0     0.0    0.0     0.0   0%      0
  4.0 sdb        0.0    0.0     0.0     0.0    0.0     0.0   0%      0
  4.0 sdb1       0.0    0.0     0.0     0.0    0.0     0.0   0%      0
  #ts device rd_mb_s rd_cnc   rd_rt wr_mb_s wr_cnc   wr_rt busy in_prg
  5.0 ram0       0.0    0.0     0.0     0.0    0.0     0.0   0%      0
  5.0 ram1       0.0    0.0     0.0     0.0    0.0     0.0   0%      0
  5.0 ram2       0.0    0.0     0.0     0.0    0.0     0.0   0%      0
  5.0 ram3       0.0    0.0     0.0     0.0    0.0     0.0   0%      0
  5.0 ram4       0.0    0.0     0.0     0.0    0.0     0.0   0%      0
  5.0 ram5       0.0    0.0     0.0     0.0    0.0     0.0   0%      0
  5.0 ram6       0.0    0.0     0.0     0.0    0.0     0.0   0%      0
  5.0 ram7       0.0    0.0     0.0     0.0    0.0     0.0   0%      0
  5.0 ram8       0.0    0.0     0.0     0.0    0.0     0.0   0%      0
  5.0 ram9       0.0    0.0     0.0     0.0    0.0     0.0   0%      0
  5.0 ram10      0.0    0.0     0.0     0.0    0.0     0.0   0%      0
  5.0 ram11      0.0    0.0     0.0     0.0    0.0     0.0   0%      0
  5.0 ram12      0.0    0.0     0.0     0.0    0.0     0.0   0%      0
  5.0 ram13      0.0    0.0     0.0     0.0    0.0     0.0   0%      0
  5.0 ram14      0.0    0.0     0.0     0.0    0.0     0.0   0%      0
  5.0 ram15      0.0    0.0     0.0     0.0    0.0     0.0   0%      0
  5.0 loop0      0.0    0.0     0.0     0.0    0.0     0.0   0%      0
  5.0 loop1      0.0    0.0     0.0     0.0    0.0     0.0   0%      0
  5.0 loop2      0.0    0.0     0.0     0.0    0.0     0.0   0%      0
  5.0 loop3      0.0    0.0     0.0     0.0    0.0     0.0   0%      0
  5.0 loop4      0.0    0.0     0.0     0.0    0.0     0.0   0%      0
  5.0 loop5      0.0    0.0     0.0     0.0    0.0     0.0   0%      0
  5.0 loop6      0.0    0.0     0.0     0.0    0.0     0.0   0%      0
  5.0 loop7      0.0    0.0     0.0     0.0    0.0     0.0   0%      0
  5.0 sda        0.0    0.0     0.0     0.0    0.0     0.0   0%      0
  5.0 sda1       0.0    0.0     0.0     0.0    0.0     0.0   0%      0
  5.0 sda2       0.0    0.0     0.0     0.0    0.0     0.0   0%      0
  5.0 sda3       0.0    0.0     0.0     0.0    0.0     0.0   0%      0
  5.0 sda4       0.0    0.0     0.0     0.0    0.0     0.0   0%      0
  5.0 sdb        0.0    0.0     0.0     0.0    0.0     0.0   0%      0
  5.0 sdb1       0.0    0.0     0.0     0.0    0.0     0.0   0%      0
  #ts device rd_mb_s rd_cnc   rd_rt wr_mb_s wr_cnc   wr_rt busy in_prg
  6.0 ram0       0.0    0.0     0.0     0.0    0.0     0.0   0%      0
  6.0 ram1       0.0    0.0     0.0     0.0    0.0     0.0   0%      0
  6.0 ram2       0.0    0.0     0.0     0.0    0.0     0.0   0%      0
  6.0 ram3       0.0    0.0     0.0     0.0    0.0     0.0   0%      0
  6.0 ram4       0.0    0.0     0.0     0.0    0.0     0.0   0%      0
  6.0 ram5       0.0    0.0     0.0     0.0    0.0     0.0   0%      0
  6.0 ram6       0.0    0.0     0.0     0.0    0.0     0.0   0%      0
  6.0 ram7       0.0    0.0     0.0     0.0    0.0     0.0   0%      0
  6.0 ram8       0.0    0.0     0.0     0.0    0.0     0.0   0%      0
  6.0 ram9       0.0    0.0     0.0     0.0    0.0     0.0   0%      0
  6.0 ram10      0.0    0.0     0.0     0.0    0.0     0.0   0%      0
  6.0 ram11      0.0    0.0     0.0     0.0    0.0     0.0   0%      0
  6.0 ram12      0.0    0.0     0.0     0.0    0.0     0.0   0%      0
  6.0 ram13      0.0    0.0     0.0     0.0    0.0     0.0   0%      0
  6.0 ram14      0.0    0.0     0.0     0.0    0.0     0.0   0%      0
  6.0 ram15      0.0    0.0     0.0     0.0    0.0     0.0   0%      0
  6.0 loop0      0.0    0.0     0.0     0.0    0.0     0.0   0%      0
  6.0 loop1      0.0    0.0     0.0     0.0    0.0     0.0   0%      0
  6.0 loop2      0.0    0.0     0.0     0.0    0.0     0.0   0%      0
  6.0 loop3      0.0    0.0     0.0     0.0    0.0     0.0   0%      0
  6.0 loop4      0.0    0.0     0.0     0.0    0.0     0.0   0%      0
  6.0 loop5      0.0    0.0     0.0     0.0    0.0     0.0   0%      0
  6.0 loop6      0.0    0.0     0.0     0.0    0.0     0.0   0%      0
  6.0 loop7      0.0    0.0     0.0     0.0    0.0     0.0   0%      0
  6.0 sda        0.0    0.0     0.0     0.0    0.0     0.0   0%      0
  6.0 sda1       0.0    0.0     0.0     0.0    0.0     0.0   0%      0
  6.0 sda2       0.0    0.0     0.0     0.0    0.0     0.0   0%      0
  6.0 sda3       0.0    0.0     0.0     0.0    0.0     0.0   0%      0
  6.0 sda4       0.0    0.0     0.0     0.0    0.0     0.0   0%      0
  6.0 sdb        0.0    0.0     0.0     0.0    0.0     0.0   0%      0
  6.0 sdb1       0.0    0.0     0.0     0.0    0.0     0.0   0%      0
  #ts device rd_mb_s rd_cnc   rd_rt wr_mb_s wr_cnc   wr_rt busy in_prg
  7.0 ram0       0.0    0.0     0.0     0.0    0.0     0.0   0%      0
  7.0 ram1       0.0    0.0     0.0     0.0    0.0     0.0   0%      0
  7.0 ram2       0.0    0.0     0.0     0.0    0.0     0.0   0%      0
  7.0 ram3       0.0    0.0     0.0     0.0    0.0     0.0   0%      0
  7.0 ram4       0.0    0.0     0.0     0.0    0.0     0.0   0%      0
  7.0 ram5       0.0    0.0     0.0     0.0    0.0     0.0   0%      0
  7.0 ram6       0.0    0.0     0.0     0.0    0.0     0.0   0%      0
  7.0 ram7       0.0    0.0     0.0     0.0    0.0     0.0   0%      0
  7.0 ram8       0.0    0.0     0.0     0.0    0.0     0.0   0%      0
  7.0 ram9       0.0    0.0     0.0     0.0    0.0     0.0   0%      0
  7.0 ram10      0.0    0.0     0.0     0.0    0.0     0.0   0%      0
  7.0 ram11      0.0    0.0     0.0     0.0    0.0     0.0   0%      0
  7.0 ram12      0.0    0.0     0.0     0.0    0.0     0.0   0%      0
  7.0 ram13      0.0    0.0     0.0     0.0    0.0     0.0   0%      0
  7.0 ram14      0.0    0.0     0.0     0.0    0.0     0.0   0%      0
  7.0 ram15      0.0    0.0     0.0     0.0    0.0     0.0   0%      0
  7.0 loop0      0.0    0.0     0.0     0.0    0.0     0.0   0%      0
  7.0 loop1      0.0    0.0     0.0     0.0    0.0     0.0   0%      0
  7.0 loop2      0.0    0.0     0.0     0.0    0.0     0.0   0%      0
  7.0 loop3      0.0    0.0     0.0     0.0    0.0     0.0   0%      0
  7.0 loop4      0.0    0.0     0.0     0.0    0.0     0.0   0%      0
  7.0 loop5      0.0    0.0     0.0     0.0    0.0     0.0   0%      0
  7.0 loop6      0.0    0.0     0.0     0.0    0.0     0.0   0%      0
  7.0 loop7      0.0    0.0     0.0     0.0    0.0     0.0   0%      0
  7.0 sda        0.0    0.0     0.0     0.0    0.0     0.0   0%      0
  7.0 sda1       0.0    0.0     0.0     0.0    0.0     0.0   0%      0
  7.0 sda2       0.0    0.0     0.0     0.0    0.0     0.0   0%      0
  7.0 sda3       0.0    0.0     0.0     0.0    0.0     0.0   0%      0
  7.0 sda4       0.0    0.0     0.0     0.0    0.0     0.0   0%      0
  7.0 sdb        0.0    0.0     0.0     0.0    0.0     0.0   0%      0
  7.0 sdb1       0.0    0.0     0.0     0.0    0.0     0.0   0%      0
  #ts device rd_mb_s rd_cnc   rd_rt wr_mb_s wr_cnc   wr_rt busy in_prg
  8.0 ram0       0.0    0.0     0.0     0.0    0.0     0.0   0%      0
  8.0 ram1       0.0    0.0     0.0     0.0    0.0     0.0   0%      0
  8.0 ram2       0.0    0.0     0.0     0.0    0.0     0.0   0%      0
  8.0 ram3       0.0    0.0     0.0     0.0    0.0     0.0   0%      0
  8.0 ram4       0.0    0.0     0.0     0.0    0.0     0.0   0%      0
  8.0 ram5       0.0    0.0     0.0     0.0    0.0     0.0   0%      0
  8.0 ram6       0.0    0.0     0.0     0.0    0.0     0.0   0%      0
  8.0 ram7       0.0    0.0     0.0     0.0    0.0     0.0   0%      0
  8.0 ram8       0.0    0.0     0.0     0.0    0.0     0.0   0%      0
  8.0 ram9       0.0    0.0     0.0     0.0    0.0     0.0   0%      0
  8.0 ram10      0.0    0.0     0.0     0.0    0.0     0.0   0%      0
  8.0 ram11      0.0    0.0     0.0     0.0    0.0     0.0   0%      0
  8.0 ram12      0.0    0.0     0.0     0.0    0.0     0.0   0%      0
  8.0 ram13      0.0    0.0     0.0     0.0    0.0     0.0   0%      0
  8.0 ram14      0.0    0.0     0.0     0.0    0.0     0.0   0%      0
  8.0 ram15      0.0    0.0     0.0     0.0    0.0     0.0   0%      0
  8.0 loop0      0.0    0.0     0.0     0.0    0.0     0.0   0%      0
  8.0 loop1      0.0    0.0     0.0     0.0    0.0     0.0   0%      0
  8.0 loop2      0.0    0.0     0.0     0.0    0.0     0.0   0%      0
  8.0 loop3      0.0    0.0     0.0     0.0    0.0     0.0   0%      0
  8.0 loop4      0.0    0.0     0.0     0.0    0.0     0.0   0%      0
  8.0 loop5      0.0    0.0     0.0     0.0    0.0     0.0   0%      0
  8.0 loop6      0.0    0.0     0.0     0.0    0.0     0.0   0%      0
  8.0 loop7      0.0    0.0     0.0     0.0    0.0     0.0   0%      0
  8.0 sda        0.0    0.0     0.0     0.0    0.0     0.0   0%      0
  8.0 sda1       0.0    0.0     0.0     0.0    0.0     0.0   0%      0
  8.0 sda2       0.0    0.0     0.0     0.0    0.0     0.0   0%      0
  8.0 sda3       0.0    0.0     0.0     0.0    0.0     0.0   0%      0
  8.0 sda4       0.0    0.0     0.0     0.0    0.0     0.0   0%      0
  8.0 sdb        0.0    0.0     0.0     0.0    0.0     0.0   0%      0
  8.0 sdb1       0.0    0.0     0.0     0.0    0.0     0.0   0%      0
  #ts device rd_mb_s rd_cnc   rd_rt wr_mb_s wr_cnc   wr_rt busy in_prg
  9.0 ram0       0.0    0.0     0.0     0.0    0.0     0.0   0%      0
  9.0 ram1       0.0    0.0     0.0     0.0    0.0     0.0   0%      0
  9.0 ram2       0.0    0.0     0.0     0.0    0.0     0.0   0%      0
  9.0 ram3       0.0    0.0     0.0     0.0    0.0     0.0   0%      0
  9.0 ram4       0.0    0.0     0.0     0.0    0.0     0.0   0%      0
  9.0 ram5       0.0    0.0     0.0     0.0    0.0     0.0   0%      0
  9.0 ram6       0.0    0.0     0.0     0.0    0.0     0.0   0%      0
  9.0 ram7       0.0    0.0     0.0     0.0    0.0     0.0   0%      0
  9.0 ram8       0.0    0.0     0.0     0.0    0.0     0.0   0%      0
  9.0 ram9       0.0    0.0     0.0     0.0    0.0     0.0   0%      0
  9.0 ram10      0.0    0.0     0.0     0.0    0.0     0.0   0%      0
  9.0 ram11      0.0    0.0     0.0     0.0    0.0     0.0   0%      0
  9.0 ram12      0.0    0.0     0.0     0.0    0.0     0.0   0%      0
  9.0 ram13      0.0    0.0     0.0     0.0    0.0     0.0   0%      0
  9.0 ram14      0.0    0.0     0.0     0.0    0.0     0.0   0%      0
  9.0 ram15      0.0    0.0     0.0     0.0    0.0     0.0   0%      0
  9.0 loop0      0.0    0.0     0.0     0.0    0.0     0.0   0%      0
  9.0 loop1      0.0    0.0     0.0     0.0    0.0     0.0   0%      0
  9.0 loop2      0.0    0.0     0.0     0.0    0.0     0.0   0%      0
  9.0 loop3      0.0    0.0     0.0     0.0    0.0     0.0   0%      0
  9.0 loop4      0.0    0.0     0.0     0.0    0.0     0.0   0%      0
  9.0 loop5      0.0    0.0     0.0     0.0    0.0     0.0   0%      0
  9.0 loop6      0.0    0.0     0.0     0.0    0.0     0.0   0%      0
  9.0 loop7      0.0    0.0     0.0     0.0    0.0     0.0   0%      0
  9.0 sda        0.0    0.0     0.0     0.0    0.0     0.0   0%      0
  9.0 sda1       0.0    0.0     0.0     0.0    0.0     0.0   0%      0
  9.0 sda2       0.0    0.0     0.0     0.0    0.0     0.0   0%      0
  9.0 sda3       0.0    0.0     0.0     0.0    0.0     0.0   0%      0
  9.0 sda4       0.0    0.0     0.0     0.0    0.0     0.0   0%      0
  9.0 sdb        0.0    0.0     0.0     0.0    0.0     0.0   0%      0
  9.0 sdb1       0.0    0.0     0.0     0.0    0.0     0.0   0%      0
  #ts device rd_mb_s rd_cnc   rd_rt wr_mb_s wr_cnc   wr_rt busy in_prg
 10.0 ram0       0.0    0.0     0.0     0.0    0.0     0.0   0%      0
 10.0 ram1       0.0    0.0     0.0     0.0    0.0     0.0   0%      0
 10.0 ram2       0.0    0.0     0.0     0.0    0.0     0.0   0%      0
 10.0 ram3       0.0    0.0     0.0     0.0    0.0     0.0   0%      0
 10.0 ram4       0.0    0.0     0.0     0.0    0.0     0.0   0%      0
 10.0 ram5       0.0    0.0     0.0     0.0    0.0     0.0   0%      0
 10.0 ram6       0.0    0.0     0.0     0.0    0.0     0.0   0%      0
 10.0 ram7       0.0    0.0     0.0     0.0    0.0     0.0   0%      0
 10.0 ram8       0.0    0.0     0.0     0.0    0.0     0.0   0%      0
 10.0 ram9       0.0    0.0     0.0     0.0    0.0     0.0   0%      0
 10.0 ram10      0.0    0.0     0.0     0.0    0.0     0.0   0%      0
 10.0 ram11      0.0    0.0     0.0     0.0    0.0     0.0   0%      0
 10.0 ram12      0.0    0.0     0.0     0.0    0.0     0.0   0%      0
 10.0 ram13      0.0    0.0     0.0     0.0    0.0     0.0   0%      0
 10.0 ram14      0.0    0.0     0.0     0.0    0.0     0.0   0%      0
 10.0 ram15      0.0    0.0     0.0     0.0    0.0     0.0   0%      0
 10.0 loop0      0.0    0.0     0.0     0.0    0.0     0.0   0%      0
 10.0 loop1      0.0    0.0     0.0     0.0    0.0     0.0   0%      0
 10.0 loop2      0.0    0.0     0.0     0.0    0.0     0.0   0%      0
 10.0 loop3      0.0    0.0     0.0     0.0    0.0     0.0   0%      0
 10.0 loop4      0.0    0.0     0.0     0.0    0.0     0.0   0%      0
 10.0 loop5      0.0    0.0     0.0     0.0    0.0     0.0   0%      0
 10.0 loop6      0.0    0.0     0.0     0.0    0.0     0.0   0%      0
 10.0 loop7      0.0    0.0     0.0     0.0    0.0     0.0   0%      0
 10.0 sda        0.0    0.0     0.0     0.0    0.0     0.0   0%      0
 10.0 sda1       0.0    0.0     0.0     0.0    0.0     0.0   0%      0
 10.0 sda2       0.0    0.0     0.0     0.0    0.0     0.0   0%      0
 10.0 sda3       0.0    0.0     0.0     0.0    0.0     0.0   0%      0
 10.0 sda4       0.0    0.0     0.0     0.0    0.0     0.0   0%      0
 10.0 sdb        0.0    0.0     0.0     0.0    0.0     0.0   0%      0
 10.0 sdb1       0.0    0.0     0.0     0.0    0.0     0.0   0%      0
  #ts device rd_mb_s rd_cnc   rd_rt wr_mb_s wr_cnc   wr_rt busy in_prg
 11.0 ram0       0.0    0.0     0.0     0.0    0.0     0.0   0%      0
 11.0 ram1       0.0    0.0     0.0     0.0    0.0     0.0   0%      0
 11.0 ram2       0.0    0.0     0.0     0.0    0.0     0.0   0%      0
 11.0 ram3       0.0    0.0     0.0     0.0    0.0     0.0   0%      0
 11.0 ram4       0.0    0.0     0.0     0.0    0.0     0.0   0%      0
 11.0 ram5       0.0    0.0     0.0     0.0    0.0     0.0   0%      0
 11.0 ram6       0.0    0.0     0.0     0.0    0.0     0.0   0%      0
 11.0 ram7       0.0    0.0     0.0     0.0    0.0     0.0   0%      0
 11.0 ram8       0.0    0.0     0.0     0.0    0.0     0.0   0%      0
 11.0 ram9       0.0    0.0     0.0     0.0    0.0     0.0   0%      0
 11.0 ram10      0.0    0.0     0.0     0.0    0.0     0.0   0%      0
 11.0 ram11      0.0    0.0     0.0     0.0    0.0     0.0   0%      0
 11.0 ram12      0.0    0.0     0.0     0.0    0.0     0.0   0%      0
 11.0 ram13      0.0    0.0     0.0     0.0    0.0     0.0   0%      0
 11.0 ram14      0.0    0.0     0.0     0.0    0.0     0.0   0%      0
 11.0 ram15      0.0    0.0     0.0     0.0    0.0     0.0   0%      0
 11.0 loop0      0.0    0.0     0.0     0.0    0.0     0.0   0%      0
 11.0 loop1      0.0    0.0     0.0     0.0    0.0     0.0   0%      0
 11.0 loop2      0.0    0.0     0.0     0.0    0.0     0.0   0%      0
 11.0 loop3      0.0    0.0     0.0     0.0    0.0     0.0   0%      0
 11.0 loop4      0.0    0.0     0.0     0.0    0.0     0.0   0%      0
 11.0 loop5      0.0    0.0     0.0     0.0    0.0     0.0   0%      0
 11.0 loop6      0.0    0.0     0.0     0.0    0.0     0.0   0%      0
 11.0 loop7      0.0    0.0     0.0     0.0    0.0     0.0   0%      0
 11.0 sda        0.0    0.0     0.0     0.0    0.0     0.0   0%      0
 11.0 sda1       0.0    0.0     0.0     0.0    0.0     0.0   0%      0
 11.0 sda2       0.0    0.0     0.0     0.0    0.0     0.0   0%      0
 11.0 sda3       0.0    0.0     0.0     0.0    0.0     0.0   0%      0
 11.0 sda4       0.0    0.0     0.0     0.0    0.0     0.0   0%      0
 11.0 sdb        0.0    0.0     0.0     0.0    0.0     0.0   0%      0
 11.0 sdb1       0.0    0.0     0.0     0.0    0.0     0.0   0%      0
  #ts device rd_mb_s rd_cnc   rd_rt wr_mb_s wr_cnc   wr_rt busy in_prg
 12.0 ram0       0.0    0.0     0.0     0.0    0.0     0.0   0%      0
 12.0 ram1       0.0    0.0     0.0     0.0    0.0     0.0   0%      0
 12.0 ram2       0.0    0.0     0.0     0.0    0.0     0.0   0%      0
 12.0 ram3       0.0    0.0     0.0     0.0    0.0     0.0   0%      0
 12.0 ram4       0.0    0.0     0.0     0.0    0.0     0.0   0%      0
 12.0 ram5       0.0    0.0     0.0     0.0    0.0     0.0   0%      0
 12.0 ram6       0.0    0.0     0.0     0.0    0.0     0.0   0%      0
 12.0 ram7       0.0    0.0     0.0     0.0    0.0     0.0   0%      0
 12.0 ram8       0.0    0.0     0.0     0.0    0.0     0.0   0%      0
 12.0 ram9       0.0    0.0     0.0     0.0    0.0     0.0   0%      0
 12.0 ram10      0.0    0.0     0.0     0.0    0.0     0.0   0%      0
 12.0 ram11      0.0    0.0     0.0     0.0    0.0     0.0   0%      0
 12.0 ram12      0.0    0.0     0.0     0.0    0.0     0.0   0%      0
 12.0 ram13      0.0    0.0     0.0     0.0    0.0     0.0   0%      0
 12.0 ram14      0.0    0.0     0.0     0.0    0.0     0.0   0%      0
 12.0 ram15      0.0    0.0     0.0     0.0    0.0     0.0   0%      0
 12.0 loop0      0.0    0.0     0.0     0.0    0.0     0.0   0%      0
 12.0 loop1      0.0    0.0     0.0     0.0    0.0     0.0   0%      0
 12.0 loop2      0.0    0.0     0.0     0.0    0.0     0.0   0%      0
 12.0 loop3      0.0    0.0     0.0     0.0    0.0     0.0   0%      0
 12.0 loop4      0.0    0.0     0.0     0.0    0.0     0.0   0%      0
 12.0 loop5      0.0    0.0     0.0     0.0    0.0     0.0   0%      0
 12.0 loop6      0.0    0.0     0.0     0.0    0.0     0.0   0%      0
 12.0 loop7      0.0    0.0     0.0     0.0    0.0     0.0   0%      0
 12.0 sda        0.0    0.0     0.0     0.0    0.0     0.0   0%      0
 12.0 sda1       0.0    0.0     0.0     0.0    0.0     0.0   0%      0
 12.0 sda2       0.0    0.0     0.0     0.0    0.0     0.0   0%      0
 12.0 sda3       0.0    0.0     0.0     0.0    0.0     0.0   0%      0
 12.0 sda4       0.0    0.0     0.0     0.0    0.0     0.0   0%      0
 12.0 sdb        0.0    0.0     0.0     0.0    0.0     0.0   0%      0
 12.0 sdb1       0.0    0.0     0.0     0.0    0.0     0.0   0%      0
  #ts device rd_mb_s rd_cnc   rd_rt wr_mb_s wr_cnc   wr_rt busy in_prg
 13.0 ram0       0.0    0.0     0.0     0.0    0.0     0.0   0%      0
 13.0 ram1       0.0    0.0     0.0     0.0    0.0     0.0   0%      0
 13.0 ram2       0.0    0.0     0.0     0.0    0.0     0.0   0%      0
 13.0 ram3       0.0    0.0     0.0     0.0    0.0     0.0   0%      0
 13.0 ram4       0.0    0.0     0.0     0.0    0.0     0.0   0%      0
 13.0 ram5       0.0    0.0     0.0     0.0    0.0     0.0   0%      0
 13.0 ram6       0.0    0.0     0.0     0.0    0.0     0.0   0%      0
 13.0 ram7       0.0    0.0     0.0     0.0    0.0     0.0   0%      0
 13.0 ram8       0.0    0.0     0.0     0.0    0.0     0.0   0%      0
 13.0 ram9       0.0    0.0     0.0     0.0    0.0     0.0   0%      0
 13.0 ram10      0.0    0.0     0.0     0.0    0.0     0.0   0%      0
 13.0 ram11      0.0    0.0     0.0     0.0    0.0     0.0   0%      0
 13.0 ram12      0.0    0.0     0.0     0.0    0.0     0.0   0%      0
 13.0 ram13      0.0    0.0     0.0     0.0    0.0     0.0   0%      0
 13.0 ram14      0.0    0.0     0.0     0.0    0.0     0.0   0%      0
 13.0 ram15      0.0    0.0     0.0     0.0    0.0     0.0   0%      0
 13.0 loop0      0.0    0.0     0.0     0.0    0.0     0.0   0%      0
 13.0 loop1      0.0    0.0     0.0     0.0    0.0     0.0   0%      0
 13.0 loop2      0.0    0.0     0.0     0.0    0.0     0.0   0%      0
 13.0 loop3      0.0    0.0     0.0     0.0    0.0     0.0   0%      0
 13.0 loop4      0.0    0.0     0.0     0.0    0.0     0.0   0%      0
 13.0 loop5      0.0    0.0     0.0     0.0    0.0     0.0   0%      0
 13.0 loop6      0.0    0.0     0.0     0.0    0.0     0.0   0%      0
 13.0 loop7      0.0    0.0     0.0     0.0    0.0     0.0   0%      0
 13.0 sda        0.0    0.0     0.0     0.0    0.0     0.0   0%      0
 13.0 sda1       0.0    0.0     0.0     0.0    0.0     0.0   0%      0
 13.0 sda2       0.0    0.0     0.0     0.0    0.0     0.0   0%      0
 13.0 sda3       0.0    0.0     0.0     0.0    0.0     0.0   0%      0
 13.0 sda4       0.0    0.0     0.0     0.0    0.0     0.0   0%      0
 13.0 sdb        0.0    0.0     0.0     0.0    0.0     0.0   0%      0
 13.0 sdb1       0.0    0.0     0.0     0.0    0.0     0.0   0%      0
  #ts device rd_mb_s rd_cnc   rd_rt wr_mb_s wr_cnc   wr_rt busy in_prg
 14.0 ram0       0.0    0.0     0.0     0.0    0.0     0.0   0%      0
 14.0 ram1       0.0    0.0     0.0     0.0    0.0     0.0   0%      0
 14.0 ram2       0.0    0.0     0.0     0.0    0.0     0.0   0%      0
 14.0 ram3       0.0    0.0     0.0     0.0    0.0     0.0   0%      0
 14.0 ram4       0.0    0.0     0.0     0.0    0.0     0.0   0%      0
 14.0 ram5       0.0    0.0     0.0     0.0    0.0     0.0   0%      0
 14.0 ram6       0.0    0.0     0.0     0.0    0.0     0.0   0%      0
 14.0 ram7       0.0    0.0     0.0     0.0    0.0     0.0   0%      0
 14.0 ram8       0.0    0.0     0.0     0.0    0.0     0.0   0%      0
 14.0 ram9       0.0    0.0     0.0     0.0    0.0     0.0   0%      0
 14.0 ram10      0.0    0.0     0.0     0.0    0.0     0.0   0%      0
 14.0 ram11      0.0    0.0     0.0     0.0    0.0     0.0   0%      0
 14.0 ram12      0.0    0.0     0.0     0.0    0.0     0.0   0%      0
 14.0 ram13      0.0    0.0     0.0     0.0    0.0     0.0   0%      0
 14.0 ram14      0.0    0.0     0.0     0.0    0.0     0.0   0%      0
 14.0 ram15      0.0    0.0     0.0     0.0    0.0     0.0   0%      0
 14.0 loop0      0.0    0.0     0.0     0.0    0.0     0.0   0%      0
 14.0 loop1      0.0    0.0     0.0     0.0    0.0     0.0   0%      0
 14.0 loop2      0.0    0.0     0.0     0.0    0.0     0.0   0%      0
 14.0 loop3      0.0    0.0     0.0     0.0    0.0     0.0   0%      0
 14.0 loop4      0.0    0.0     0.0     0.0    0.0     0.0   0%      0
 14.0 loop5      0.0    0.0     0.0     0.0    0.0     0.0   0%      0
 14.0 loop6      0.0    0.0     0.0     0.0    0.0     0.0   0%      0
 14.0 loop7      0.0    0.0     0.0     0.0    0.0     0.0   0%      0
 14.0 sda        0.0    0.0     0.0     0.0    0.0     0.0   0%      0
 14.0 sda1       0.0    0.0     0.0     0.0    0.0     0.0   0%      0
 14.0 sda2       0.0    0.0     0.0     0.0    0.0     0.0   0%      0
 14.0 sda3       0.0    0.0     0.0     0.0    0.0     0.0   0%      0
 14.0 sda4       0.0    0.0     0.0     0.0    0.0     0.0   0%      0
 14.0 sdb        0.0    0.0     0.0     0.0    0.0     0.0   0%      0
 14.0 sdb1       0.0    0.0     0.0     0.0    0.0     0.0   0%      0
  #ts device rd_mb_s rd_cnc   rd_rt wr_mb_s wr_cnc   wr_rt busy in_prg
  1.0 {31}       0.0    0.0     0.0     0.0    0.0     0.0   0%      0
  2.0 {31}       0.0    0.0     0.0     0.0    0.0     0.0   0%      0
  3.0 {31}       0.0    0.0     0.0     0.0    0.0     0.0   0%      0
  4.0 {31}       0.0    0.0     0.0     0.0    0.0     0.0   0%      0
  5.0 {31}       0.0    0.0     0.0     0.1    0.0     0.0   0%      0
  6.0 {31}       0.0    0.0     0.0     0.0    0.0     0.0   0%      0
  7.0 {31}       0.0    0.0     0.0     0.0    0.0     0.0   0%      0
  8.0 {31}       0.0    0.0     0.0     0.0    0.0     0.0   0%      0
  9.0 {31}       0.0    0.0     0.0     0.0    0.0     0.0   0%      0
 10.0 {31}       0.0    0.0     0.0     0.0    0.0     0.0   0%      0
 11.0 {31}       0.0    0.0     0.0     0.0    0.0     0.0   0%      0
 12.0 {31}       0.0    0.0     0.0     0.0    0.0     0.0   0%      0
 13.0 {31}       0.0    0.0     0.0     0.0    0.0     0.0   0%      0
 14.0 {31}       0.0    0.0     0.0     0.0    0.0     0.0   0%      0
