  #ts device    rd_s rd_avkb rd_mb_s rd_mrg rd_cnc   rd_rt    wr_s wr_avkb wr_mb_s wr_mrg wr_cnc   wr_rt busy in_prg    io_s  qtime stime
  1.0 xvdb1    258.9    42.4    10.7     0%    2.3     9.1   152.8    36.6     5.5    27%    2.7    12.9  50%     37   411.6    9.6   1.1
  2.0 xvdb1    177.3    40.3     7.0     0%    2.1    12.0   409.2    21.5     8.6    12%    3.6     7.7  69%     44   586.4   13.5   1.1
  3.0 xvdb1    135.0    39.9     5.3     0%    5.8    42.9   515.9    33.7    17.0    25%   18.9    27.6  97%     29   650.8   22.9   1.2
  4.0 xvdb1    272.5    42.0    11.2     0%    3.1    11.5   520.3    27.5    14.0    18%    7.4    11.7  78%     30   792.8   10.4   0.9
  5.0 xvdb1    207.4    40.6     8.2     0%    2.6    12.6   523.1    22.3    11.4    15%    7.1    11.5  86%     28   730.5   10.6   1.0
  6.0 xvdb1    206.9    39.9     8.1     0%    3.3    16.2   541.7    23.4    12.4    16%    7.1    11.0  92%     25   748.6   11.5   1.1
  7.0 xvdb1    218.5    38.1     8.1     0%    4.2    19.0   239.6    26.8     6.3    11%    4.7    17.6  93%     22   458.1   15.3   1.9
  8.0 xvdb1     92.0    38.3     3.4     1%    5.3    56.6   327.9    33.6    10.8    17%   10.8    27.5  94%     37   419.9   29.5   1.9
  9.0 xvdb1    186.9    37.6     6.9     0%    5.7    30.6   599.8    29.1    17.0    21%   20.2    26.5  99%     14   786.8   24.7   1.0
 10.0 xvdb1    273.4    37.4    10.0     0%    3.3    11.9   416.3    28.0    11.4    13%    4.1     8.6  92%     55   689.6    8.3   1.2
 11.0 xvdb1    114.3    36.7     4.1     0%    5.8    50.7   229.6    25.9     5.8    11%    4.7    18.2  92%      7   343.8   23.6   2.5
 12.0 xvdb1     72.1    39.0     2.7     0%    5.6    77.8   101.7    34.6     3.4     0%    3.1    30.8 100%     31   173.8   40.2   5.7
 13.0 xvdb1     94.3    41.4     3.8     0%    5.4    57.7   377.4    32.0    11.8    28%   12.4    23.5  97%    106   471.7   24.8   1.6
 14.0 xvdb1    272.7    40.4    10.8     1%    4.1    14.9   658.6    26.8    17.3    19%   15.6    19.3  88%      2   931.3   15.5   0.8
 15.0 xvdb1    173.2    39.9     6.8     0%    2.0    11.4   215.8    13.3     2.8     9%    1.3     5.5  76%      7   389.0   10.3   1.9
 16.0 xvdb1    230.5    41.8     9.4     0%    5.9    25.7   277.0    19.9     5.4     0%    4.3    15.5  88%      1   507.5   14.7   1.7
 17.0 xvdb1    214.0    42.1     8.8     0%    1.0     4.8   481.1     7.1     3.3     3%    1.4     2.8  54%      7   695.1    2.6   0.8
 18.0 xvdb1    103.1    42.4     4.3     0%    4.6    44.8   122.2     9.0     1.1     0%    2.4    19.5  85%      1   225.3   27.1   3.8
 19.0 xvdb1    119.5    42.7     5.0     0%    4.8    40.3   171.2    12.2     2.0    12%    2.3    11.8  86%      0   290.7   19.9   2.7
 20.0 xvdb1    166.1    42.0     6.8     0%    4.9    29.2   102.1    11.4     1.1     0%    1.1    10.3  86%      7   268.2   18.5   3.2
 21.0 xvdb1    250.0    42.3    10.3     0%    1.8     7.3   379.6    10.1     3.8     8%    1.4     3.3  44%      0   629.6    4.1   0.7
 22.0 xvdb1    234.7    40.5     9.3     0%    2.5    10.7   455.4     9.2     4.1     4%    2.1     4.3  69%      0   690.1    5.5   1.0
  #ts device    rd_s rd_avkb rd_mb_s rd_mrg rd_cnc   rd_rt    wr_s wr_avkb wr_mb_s wr_mrg wr_cnc   wr_rt busy in_prg    io_s  qtime stime
 23.0 xvdb1    217.1    42.4     9.0     0%    1.8     8.4   218.1    14.0     3.0    11%    1.0     4.0  46%      0   435.1    5.1   1.0
 24.0 xvdb1     74.2    41.9     3.0     0%    3.6    49.1   164.4     5.7     0.9     0%    6.0    36.6  77%     35   238.6   68.9   3.2
 25.0 xvdb1    114.0    39.9     4.4     0%    6.0    52.5   243.0    23.7     5.6     5%   17.2    67.4  93%     11   357.0   32.4   2.5
 26.0 xvdb1    225.5    42.3     9.3     0%    2.1     9.3   329.8     8.5     2.7     6%    1.3     3.6  73%      8   555.3    6.5   1.3
 27.0 xvdb1    227.8    42.7     9.5     0%    3.8    16.6   161.9    14.5     2.3     3%    1.1     6.5  53%      0   389.7    7.6   1.3
 28.0 xvdb1    157.6    42.5     6.5     0%    2.2    13.9   125.7    12.7     1.6     1%    1.0     8.2  61%      7   283.3   10.7   2.1
 29.0 xvdb1    229.3    42.4     9.5     0%    4.2    18.3   284.4    15.9     4.4    14%    4.6    13.9  91%      0   513.7   13.1   1.6
