  #ts device    rd_s rd_avkb rd_mb_s rd_mrg rd_cnc   rd_rt    wr_s wr_avkb wr_mb_s wr_mrg wr_cnc   wr_rt busy in_prg    io_s  qtime stime
  {5} ram0       0.0     0.0     0.0     0%    0.0     0.0     0.0     0.0     0.0     0%    0.0     0.0   0%      0     0.0    0.0   0.0
  {5} ram1       0.0     0.0     0.0     0%    0.0     0.0     0.0     0.0     0.0     0%    0.0     0.0   0%      0     0.0    0.0   0.0
  {5} ram2       0.0     0.0     0.0     0%    0.0     0.0     0.0     0.0     0.0     0%    0.0     0.0   0%      0     0.0    0.0   0.0
  {5} ram3       0.0     0.0     0.0     0%    0.0     0.0     0.0     0.0     0.0     0%    0.0     0.0   0%      0     0.0    0.0   0.0
  {5} ram4       0.0     0.0     0.0     0%    0.0     0.0     0.0     0.0     0.0     0%    0.0     0.0   0%      0     0.0    0.0   0.0
  {5} ram5       0.0     0.0     0.0     0%    0.0     0.0     0.0     0.0     0.0     0%    0.0     0.0   0%      0     0.0    0.0   0.0
  {5} ram6       0.0     0.0     0.0     0%    0.0     0.0     0.0     0.0     0.0     0%    0.0     0.0   0%      0     0.0    0.0   0.0
  {5} ram7       0.0     0.0     0.0     0%    0.0     0.0     0.0     0.0     0.0     0%    0.0     0.0   0%      0     0.0    0.0   0.0
  {5} ram8       0.0     0.0     0.0     0%    0.0     0.0     0.0     0.0     0.0     0%    0.0     0.0   0%      0     0.0    0.0   0.0
  {5} ram9       0.0     0.0     0.0     0%    0.0     0.0     0.0     0.0     0.0     0%    0.0     0.0   0%      0     0.0    0.0   0.0
  {5} ram10      0.0     0.0     0.0     0%    0.0     0.0     0.0     0.0     0.0     0%    0.0     0.0   0%      0     0.0    0.0   0.0
  {5} ram11      0.0     0.0     0.0     0%    0.0     0.0     0.0     0.0     0.0     0%    0.0     0.0   0%      0     0.0    0.0   0.0
  {5} ram12      0.0     0.0     0.0     0%    0.0     0.0     0.0     0.0     0.0     0%    0.0     0.0   0%      0     0.0    0.0   0.0
  {5} ram13      0.0     0.0     0.0     0%    0.0     0.0     0.0     0.0     0.0     0%    0.0     0.0   0%      0     0.0    0.0   0.0
  {5} ram14      0.0     0.0     0.0     0%    0.0     0.0     0.0     0.0     0.0     0%    0.0     0.0   0%      0     0.0    0.0   0.0
  {5} ram15      0.0     0.0     0.0     0%    0.0     0.0     0.0     0.0     0.0     0%    0.0     0.0   0%      0     0.0    0.0   0.0
  {5} sda     1394.1    16.0    21.8     1%    0.5     0.4    98.8    31.4     3.0    48%    0.0     0.2  41%      0  1492.9    0.1   0.3
  {5} sda1       0.0     0.0     0.0     0%    0.0     0.0     0.0     0.0     0.0     0%    0.0     0.0   0%      0     0.0    0.0   0.0
  {5} sda2       0.0     0.0     0.0     0%    0.0     0.0     0.0     0.0     0.0     0%    0.0     0.0   0%      0     0.0    0.0   0.0
  {5} sda3    1394.1    16.0    21.8     1%    0.5     0.4    98.8    31.4     3.0    48%    0.0     0.2  41%      0  1492.9    0.1   0.3
  {5} sr0        0.0     0.0     0.0     0%    0.0     0.0     0.0     0.0     0.0     0%    0.0     0.0   0%      0     0.0    0.0   0.0
  {5} md0        0.0     0.0     0.0     0%    0.0     0.0     0.0     0.0     0.0     0%    0.0     0.0   0%      0     0.0    0.0   0.0
  {5} loop0      0.0     0.0     0.0     0%    0.0     0.0     0.0     0.0     0.0     0%    0.0     0.0   0%      0     0.0    0.0   0.0
  {5} loop1      0.0     0.0     0.0     0%    0.0     0.0     0.0     0.0     0.0     0%    0.0     0.0   0%      0     0.0    0.0   0.0
  {5} loop2      0.0     0.0     0.0     0%    0.0     0.0     0.0     0.0     0.0     0%    0.0     0.0   0%      0     0.0    0.0   0.0
  {5} loop3      0.0     0.0     0.0     0%    0.0     0.0     0.0     0.0     0.0     0%    0.0     0.0   0%      0     0.0    0.0   0.0
  {5} loop4      0.0     0.0     0.0     0%    0.0     0.0     0.0     0.0     0.0     0%    0.0     0.0   0%      0     0.0    0.0   0.0
  {5} loop5      0.0     0.0     0.0     0%    0.0     0.0     0.0     0.0     0.0     0%    0.0     0.0   0%      0     0.0    0.0   0.0
  {5} loop6      0.0     0.0     0.0     0%    0.0     0.0     0.0     0.0     0.0     0%    0.0     0.0   0%      0     0.0    0.0   0.0
  {5} loop7      0.0     0.0     0.0     0%    0.0     0.0     0.0     0.0     0.0     0%    0.0     0.0   0%      0     0.0    0.0   0.0
