  #ts device       rd_s rd_avkb rd_mb_s rd_mrg rd_cnc   rd_rt    wr_s wr_avkb wr_mb_s wr_mrg wr_cnc   wr_rt busy in_prg    io_s  qtime stime
{101} ram0          0.0     0.0     0.0     0%    0.0     0.0     0.0     0.0     0.0     0%    0.0     0.0   0%      0     0.0    0.0   0.0
{101} ram1          0.0     0.0     0.0     0%    0.0     0.0     0.0     0.0     0.0     0%    0.0     0.0   0%      0     0.0    0.0   0.0
{101} ram2          0.0     0.0     0.0     0%    0.0     0.0     0.0     0.0     0.0     0%    0.0     0.0   0%      0     0.0    0.0   0.0
{101} ram3          0.0     0.0     0.0     0%    0.0     0.0     0.0     0.0     0.0     0%    0.0     0.0   0%      0     0.0    0.0   0.0
{101} ram4          0.0     0.0     0.0     0%    0.0     0.0     0.0     0.0     0.0     0%    0.0     0.0   0%      0     0.0    0.0   0.0
{101} ram5          0.0     0.0     0.0     0%    0.0     0.0     0.0     0.0     0.0     0%    0.0     0.0   0%      0     0.0    0.0   0.0
{101} ram6          0.0     0.0     0.0     0%    0.0     0.0     0.0     0.0     0.0     0%    0.0     0.0   0%      0     0.0    0.0   0.0
{101} ram7          0.0     0.0     0.0     0%    0.0     0.0     0.0     0.0     0.0     0%    0.0     0.0   0%      0     0.0    0.0   0.0
{101} ram8          0.0     0.0     0.0     0%    0.0     0.0     0.0     0.0     0.0     0%    0.0     0.0   0%      0     0.0    0.0   0.0
{101} ram9          0.0     0.0     0.0     0%    0.0     0.0     0.0     0.0     0.0     0%    0.0     0.0   0%      0     0.0    0.0   0.0
{101} ram10         0.0     0.0     0.0     0%    0.0     0.0     0.0     0.0     0.0     0%    0.0     0.0   0%      0     0.0    0.0   0.0
{101} ram11         0.0     0.0     0.0     0%    0.0     0.0     0.0     0.0     0.0     0%    0.0     0.0   0%      0     0.0    0.0   0.0
{101} ram12         0.0     0.0     0.0     0%    0.0     0.0     0.0     0.0     0.0     0%    0.0     0.0   0%      0     0.0    0.0   0.0
{101} ram13         0.0     0.0     0.0     0%    0.0     0.0     0.0     0.0     0.0     0%    0.0     0.0   0%      0     0.0    0.0   0.0
{101} ram14         0.0     0.0     0.0     0%    0.0     0.0     0.0     0.0     0.0     0%    0.0     0.0   0%      0     0.0    0.0   0.0
{101} ram15         0.0     0.0     0.0     0%    0.0     0.0     0.0     0.0     0.0     0%    0.0     0.0   0%      0     0.0    0.0   0.0
{101} sda           2.6     0.0     0.0     4%    0.0     3.2    46.3     0.0     0.0    25%    0.0     0.2   1%      0    48.8    0.1   0.2
{101} sda1          0.0     0.0     0.0     0%    0.0     0.0     0.0     0.0     0.0     0%    0.0     0.0   0%      0     0.0    0.0   0.0
{101} sda2          0.0     0.0     0.0     0%    0.0     0.0     0.0     0.0     0.0     0%    0.0     0.0   0%      0     0.0    0.0   0.0
{101} sda3          0.0     0.0     0.0     0%    0.0     0.0     0.0     0.0     0.0     0%    0.0     0.0   0%      0     0.0    0.0   0.0
{101} sda4          0.0     0.0     0.0     0%    0.0     0.0     0.0     0.0     0.0     0%    0.0     0.0   0%      0     0.0    0.0   0.0
{101} sda5          0.1     0.0     0.0    31%    0.0     5.1     0.0     0.0     0.0     0%    0.0     0.0   0%      0     0.1    3.7   1.4
{101} sda6          2.4     0.0     0.0     2%    0.0     3.1    46.3     0.0     0.0    25%    0.0     0.2   1%      0    48.7    0.1   0.2
{101} sdb           0.0     0.0     0.0     0%    0.0     0.0     0.0     0.0     0.0     0%    0.0     0.0   0%      0     0.0    0.0   0.0
{101} sdc           0.0     0.0     0.0     0%    0.0     0.0     0.0     0.0     0.0     0%    0.0     0.0   0%      0     0.0    0.0   0.0
{101} dm-0          0.1     6.7     0.0     0%    0.0     5.0     3.9     4.0     0.0     0%    0.0     0.0   0%      0     4.0    0.1   0.1
{101} dm-1          0.0     4.0     0.0     0%    0.0     3.0     2.1     4.0     0.0     0%    0.0     0.1   0%      0     2.1    0.1   0.1
{101} dm-2          0.0     0.0     0.0     0%    0.0     0.0     0.2     4.0     0.0     0%    0.0     0.4   0%      0     0.2    0.0   0.4
{101} dm-3          0.0     0.0     0.0     0%    0.0     0.0     3.5     4.0     0.0     0%    0.0     0.0   0%      0     3.5    0.0   0.0
{101} dm-4          0.1    18.2     0.0     0%    0.0     2.2     3.3     4.0     0.0     0%    0.0     0.4   0%      0     3.4    0.4   0.1
{101} dm-5          0.0     0.0     0.0     0%    0.0     0.0     0.4     4.0     0.0     0%    0.0     0.1   0%      0     0.4    0.0   0.0
{101} dm-6          2.3     9.9     0.0     0%    0.0     3.1    48.0    17.6     0.8     0%    0.0     0.3   1%      0    50.2    0.1   0.3
{101} sr0           0.0     0.0     0.0     0%    0.0     0.0     0.0     0.0     0.0     0%    0.0     0.0   0%      0     0.0    0.0   0.0
{101} sdd           0.0     0.0     0.0     0%    0.0     0.0     0.0     0.0     0.0     0%    0.0     0.0   0%      0     0.0    0.0   0.0
{101} sr1           0.0     0.0     0.0     0%    0.0     0.0     0.0     0.0     0.0     0%    0.0     0.0   0%      0     0.0    0.0   0.0
{101} md0           0.0     0.0     0.0     0%    0.0     0.0     0.0     0.0     0.0     0%    0.0     0.0   0%      0     0.0    0.0   0.0
{101} emcpowera     0.0     0.0     0.0     0%    0.0     0.0     0.6    16.9     0.0    76%    0.0     0.6   0%      0     0.6    0.0   0.6
