  #ts device rd_mb_s rd_cnc   rd_rt wr_mb_s wr_cnc   wr_rt busy in_prg
  1.0 {31}       0.0    0.0     0.0     0.0    0.0     0.0   0%      0
  2.0 {31}       0.0    0.0     0.0     0.0    0.0     0.0   0%      0
  3.0 {31}       0.0    0.0     0.0     0.0    0.0     0.0   0%      0
  4.0 {31}       0.0    0.0     0.0     0.0    0.0     0.0   0%      0
  5.0 {31}       0.0    0.0     0.0     0.1    0.0     0.0   0%      0
  6.0 {31}       0.0    0.0     0.0     0.0    0.0     0.0   0%      0
  7.0 {31}       0.0    0.0     0.0     0.0    0.0     0.0   0%      0
  8.0 {31}       0.0    0.0     0.0     0.0    0.0     0.0   0%      0
  9.0 {31}       0.0    0.0     0.0     0.0    0.0     0.0   0%      0
 10.0 {31}       0.0    0.0     0.0     0.0    0.0     0.0   0%      0
 11.0 {31}       0.0    0.0     0.0     0.0    0.0     0.0   0%      0
 12.0 {31}       0.0    0.0     0.0     0.0    0.0     0.0   0%      0
 13.0 {31}       0.0    0.0     0.0     0.0    0.0     0.0   0%      0
 14.0 {31}       0.0    0.0     0.0     0.0    0.0     0.0   0%      0
