  #ts device rd_mb_s rd_cnc   rd_rt wr_mb_s wr_cnc   wr_rt busy in_prg
  1.0 {41}       0.0    0.0     0.0   120.8    0.1     0.4   7%      3
  2.0 {41}       0.0    0.0     0.0   131.2    0.1     0.3   7%      0
  3.0 {41}     128.6    0.0     0.2    64.8    0.0     0.3   7%      3
  4.0 {41}     277.1    0.1     0.1     0.1    0.0     0.0   6%      2
  5.0 {41}     285.2    0.1     0.1     0.2    0.0     0.0   6%      3
  6.0 {41}     269.3    0.1     0.1     0.0    0.0     0.0   6%      3
  7.0 {41}     274.3    0.1     0.1     0.0    0.0     0.0   6%      3
  8.0 {41}     274.5    0.1     0.1     0.0    0.0     0.0   6%      2
  9.0 {41}     278.0    0.1     0.1     0.1    0.0     0.0   6%      3
 10.0 {41}     277.1    0.1     0.1     0.0    0.0     0.0   6%      0
 11.0 {41}     291.1    0.1     0.1     0.0    0.0     0.0   6%      1
 12.0 {41}     293.4    0.1     0.1     0.0    0.0     0.0   6%      1
 13.0 {41}     292.3    0.1     0.1     0.0    0.0     0.0   6%      2
 14.0 {41}     281.9    0.1     0.1     0.1    0.0     0.0   6%      3
 15.0 {41}     286.8    0.1     0.1     0.0    0.0     0.0   6%      2
 16.0 {41}     281.5    0.1     0.1     0.0    0.0     0.0   6%      3
 17.1 {41}     258.1    0.1     0.2     0.0    0.0     0.0   6%      1
 18.1 {41}     263.8    0.1     0.2     0.2    0.0     0.0   6%      2
 19.1 {41}     283.0    0.1     0.1     0.1    0.0     0.0   6%      3
 20.1 {41}     287.4    0.1     0.1     0.0    0.0     0.0   6%      3
 21.1 {41}     277.1    0.1     0.1     0.0    0.0     0.0   6%      0
 22.1 {41}     269.6    0.1     0.2     0.0    0.0     0.0   6%      3
 23.1 {41}     291.0    0.1     0.1     1.8    0.0     1.6   6%      3
 24.1 {41}     296.1    0.1     0.1     0.1    0.0     0.0   6%      3
 25.1 {41}     120.9    0.1     0.4     0.0    0.0     0.0   7%      3
 26.1 {41}      18.5    0.1     2.5     0.0    0.0     0.0   7%      3
 27.1 {41}      19.2    0.1     2.4     0.0    0.0     0.0   7%      3
 28.1 {41}      18.0    0.1     2.6     0.1    0.0     0.2   7%      0
 29.1 {41}      18.1    0.1     2.5     0.1    0.0     0.0   7%      3
 30.1 {41}      18.1    0.1     2.6     0.0    0.0     0.0   7%      2
 31.1 {41}      18.2    0.1     2.5     0.0    0.0     0.0   7%      3
 32.1 {41}      17.2    0.1     2.7     0.0    0.0     0.0   7%      3
 33.1 {41}      17.8    0.1     2.6     0.0    0.0     0.7   7%      3
 34.1 {41}      18.4    0.1     2.5     0.1    0.0     0.0   7%      3
 35.1 {41}      18.1    0.1     2.6     0.0    0.0     0.0   7%      3
 36.1 {41}      19.3    0.1     2.4     0.0    0.0     0.0   7%      3
 37.1 {41}      16.5    0.1     2.8     0.0    0.0     0.0   7%      3
 38.1 {41}      17.3    0.1     2.7     0.0    0.0     3.0   7%      0
 39.1 {41}      19.1    0.1     2.4     0.1    0.0     0.0   7%      3
 40.1 {41}      18.3    0.1     2.5     0.0    0.0     0.0   7%      0
 41.1 {41}      13.5    0.1     2.7     0.0    0.0     0.0   7%      7
 42.1 {41}      15.0    0.1     3.7     0.0    0.0   147.6   7%      3
 43.1 {41}      16.5    0.1     2.8     0.2    0.0     0.0   7%      3
 44.1 {41}      16.9    0.1     2.7     0.1    0.0     0.0   7%      3
 45.1 {41}      17.2    0.1     2.7     0.0    0.0     0.0   7%      3
 46.1 {41}      17.6    0.1     2.6     0.0    0.0     0.0   7%      3
 47.1 {41}      16.1    0.1     2.9     0.0    0.0     0.0   7%      3
 48.1 {41}      16.3    0.1     2.8     0.0    0.0     0.0   7%      3
 49.1 {41}      16.7    0.1     2.7     0.2    0.0     0.0   7%      3
 50.2 {41}      16.7    0.1     2.8     0.0    0.0     0.0   7%      3
 51.2 {41}      18.5    0.1     2.5     0.0    0.0     0.0   7%      3
 52.2 {41}      17.3    0.1     2.7     0.0    0.0     0.0   7%      3
 53.2 {41}      17.4    0.1     2.6     0.0    0.0     0.0   7%      3
 54.2 {41}      17.3    0.1     2.7     0.2    0.0     0.0   7%      3
 55.2 {41}      17.5    0.1     2.6     0.0    0.0     0.0   7%      3
 56.2 {41}      16.4    0.1     2.8     0.0    0.0     0.0   7%      3
 57.2 {41}      17.6    0.1     2.6     0.0    0.0     0.0   7%      3
 58.2 {41}      17.8    0.1     2.6     0.0    0.0     1.6   7%      3
 59.2 {41}      18.2    0.1     2.5     0.3    0.0     0.0   7%      3
 60.2 {41}      17.6    0.1     2.7     0.0    0.0     0.0   7%      3
 61.2 {41}      17.5    0.1     2.6     0.0    0.0     0.0   7%      3
 62.2 {41}      16.6    0.1     2.8     0.0    0.0     0.0   7%      3
 63.2 {41}      17.7    0.1     2.6     0.0    0.0     0.4   7%      3
 64.2 {41}      17.4    0.1     2.7     0.2    0.0     0.0   7%      3
 65.2 {41}      17.8    0.1     2.6     0.0    0.0     0.0   7%      3
 66.2 {41}      17.3    0.1     2.7     0.0    0.0     0.0   7%      3
 67.2 {41}      18.2    0.1     2.5     0.0    0.0     0.0   7%      3
 68.2 {41}      17.4    0.1     2.7     0.0    0.0     2.2   7%      3
 69.2 {41}      17.7    0.1     2.6     0.1    0.0     0.0   7%      3
 70.2 {41}      18.1    0.1     2.6     0.0    0.0     0.0   7%      3
 71.2 {41}      17.3    0.1     2.6     0.0    0.0     0.0   7%      3
 72.2 {41}      17.9    0.1     2.5     0.0    0.0     0.0   7%      3
 73.2 {41}      17.8    0.1     2.6     0.1    0.0     0.8   7%      3
 74.2 {41}      17.1    0.1     2.7     0.1    0.0     0.0   7%      3
 75.2 {41}      16.7    0.1     2.7     0.0    0.0     0.0   7%      3
 76.2 {41}      17.3    0.1     2.6     0.0    0.0     0.0   7%      3
 77.2 {41}      16.6    0.1     2.8     0.0    0.0     0.0   7%      3
 78.2 {41}      15.6    0.1     2.9     0.0    0.0     0.3   7%      3
 79.2 {41}      15.9    0.1     2.8     0.1    0.0     0.0   7%      3
 80.2 {41}      17.1    0.1     2.7     0.0    0.0     0.0   7%      1
 81.2 {41}      16.8    0.1     2.7     0.0    0.0     0.0   7%      3
 82.2 {41}      16.6    0.1     2.7     0.0    0.0     0.0   7%      3
 83.3 {41}      18.0    0.1     2.5     0.1    0.0     0.1   7%      3
 84.3 {41}      17.4    0.1     2.6     0.1    0.0     0.0   7%      3
 85.3 {41}      16.5    0.1     2.8     0.0    0.0     0.0   7%      3
 86.3 {41}      16.7    0.1     2.7     0.0    0.0     0.0   7%      3
 87.3 {41}      17.1    0.1     2.7     0.0    0.0     0.0   7%      3
 88.3 {41}      17.6    0.1     2.6     0.1    0.0     0.6   7%      3
 89.3 {41}      18.1    0.1     2.5     0.1    0.0     0.0   7%      3
 90.3 {41}      17.8    0.1     2.6     0.0    0.0     0.0   7%      3
 91.3 {41}      17.9    0.1     2.6     0.0    0.0     0.0   7%      3
 92.3 {41}      18.5    0.1     2.4     0.0    0.0     0.0   7%      3
 93.3 {41}      15.7    0.1     2.9     0.0    0.0     0.0   7%      3
 94.3 {41}      18.6    0.1     2.4     0.1    0.0     0.0   7%      3
 95.3 {41}      17.8    0.1     2.5     0.0    0.0     0.0   7%      3
 96.3 {41}      18.1    0.1     2.5     0.0    0.0     0.0   7%      3
 97.3 {41}      18.2    0.1     2.5     0.0    0.0     0.0   7%      3
 98.3 {41}      17.7    0.1     2.6     0.1    0.0     1.1   7%      3
 99.3 {41}      18.2    0.1     2.5     0.1    0.0     0.0   7%      3
100.3 {41}      17.9    0.1     2.6     0.0    0.0     0.0   7%      3
101.3 {41}      17.2    0.1     2.7     0.0    0.0     0.0   7%      3
102.3 {41}      18.0    0.1     2.5     0.0    0.0     0.0   7%      3
103.3 {41}      18.2    0.1     2.5     0.0    0.0     1.7   7%      3
104.3 {41}      19.7    0.1     2.3     0.1    0.0     0.0   7%      3
105.3 {41}      18.1    0.1     2.5     0.0    0.0     0.0   7%      3
106.3 {41}      19.0    0.1     2.4     0.0    0.0     0.0   7%      3
107.3 {41}      11.0    0.1     4.2     0.0    0.0     0.0   7%      3
108.3 {41}      15.4    0.1     3.0     0.0    0.0     1.1   7%      3
109.3 {41}      15.3    0.1     3.0     0.4    0.0     0.0   7%      3
110.3 {41}      15.2    0.1     3.0     0.0    0.0     0.0   7%      3
111.3 {41}      16.4    0.1     2.8     0.0    0.0     0.0   7%      3
112.3 {41}      15.2    0.1     3.0     0.0    0.0     0.0   7%      3
113.3 {41}      15.1    0.1     3.0     0.0    0.0     0.9   7%      3
114.3 {41}      15.2    0.1     3.0     0.2    0.0     0.0   7%      3
115.3 {41}      16.1    0.1     2.8     0.0    0.0     0.0   7%      3
116.4 {41}      16.0    0.1     2.9     0.0    0.0     0.0   7%      3
117.4 {41}      15.8    0.1     2.9     0.0    0.0     0.0   7%      3
118.4 {41}      15.9    0.1     2.9     0.0    0.0     2.2   7%      3
119.4 {41}      15.6    0.1     2.9     0.2    0.0     0.0   7%      3
120.4 {41}      16.5    0.1     2.8     0.0    0.0     0.0   7%      3
121.4 {41}      15.4    0.1     3.0     0.0    0.0     0.0   7%      3
122.4 {41}      16.4    0.1     2.8     0.0    0.0     0.0   7%      3
123.4 {41}      15.0    0.1     3.0     0.0    0.0     1.3   7%      0
124.4 {41}      15.6    0.1     2.9     0.1    0.0     0.0   7%      3
125.4 {41}      16.4    0.1     2.8     0.0    0.0     0.0   7%      3
126.4 {41}      16.4    0.1     2.8     0.0    0.0     0.0   7%      3
127.4 {41}      15.4    0.1     2.9     0.0    0.0     0.0   7%      3
128.4 {41}      16.0    0.1     2.8     0.0    0.0     1.2   7%      3
129.4 {41}      16.1    0.1     2.8     0.1    0.0     0.0   7%      3
130.4 {41}      16.3    0.1     2.8     0.0    0.0     0.0   7%      3
131.4 {41}      15.9    0.1     2.9     0.0    0.0     0.0   7%      3
132.4 {41}      16.4    0.1     2.8     0.1    0.0     0.0   7%      3
133.4 {41}      15.4    0.1     3.0     0.0    0.0     0.0   7%      3
134.4 {41}      16.1    0.1     2.8     0.1    0.0     0.0   7%      3
135.4 {41}      15.7    0.1     2.9     0.0    0.0     0.0   7%      3
136.4 {41}      15.0    0.1     3.1     0.0    0.0     0.0   7%      3
137.4 {41}      15.1    0.1     3.0     0.2    0.0     0.1   7%      3
138.4 {41}      17.1    0.1     2.6     0.2    0.0     0.0   7%      3
139.4 {41}      14.1    0.1     3.2     0.1    0.0     0.0   7%      3
140.4 {41}      15.1    0.1     3.0     0.0    0.0     0.0   7%      3
141.4 {41}      15.5    0.1     3.0     0.0    0.0     0.0   7%      3
142.4 {41}      14.9    0.1     3.1     0.0    0.0     0.7   7%      3
143.4 {41}      16.3    0.1     2.8     0.0    0.0     0.0   7%      3
144.4 {41}      15.3    0.1     3.0     0.1    0.0     0.0   7%      3
145.4 {41}      16.3    0.1     2.8     0.0    0.0     0.0   7%      3
146.4 {41}      15.3    0.1     3.0     0.0    0.0     0.0   7%      3
147.4 {41}      15.9    0.1     2.9     0.0    0.0     3.3   7%      3
148.4 {41}      15.6    0.1     2.9     0.0    0.0     0.0   7%      3
149.5 {41}      17.3    0.1     2.6     0.1    0.0     0.0   7%      3
150.5 {41}      15.3    0.1     3.0     0.0    0.0     0.0   7%      3
151.5 {41}      16.3    0.1     2.8     0.0    0.0     0.0   7%      3
152.5 {41}      16.8    0.1     2.7     0.0    0.0     0.3   7%      3
153.5 {41}      15.1    0.1     3.0     0.0    0.0     0.0   7%      3
154.5 {41}      15.5    0.1     2.9     0.1    0.0     0.0   7%      3
155.5 {41}      16.8    0.1     2.7     0.0    0.0     0.0   7%      3
156.5 {41}      17.3    0.1     2.6     0.0    0.0     0.0   7%      3
157.5 {41}      16.3    0.1     2.8     0.1    0.0     0.4   7%      3
158.5 {41}      15.8    0.1     2.8     0.0    0.0     0.0   7%      3
159.5 {41}      16.1    0.1     2.8     0.1    0.0     0.0   7%      3
160.5 {41}      16.4    0.1     2.8     0.0    0.0     0.0   7%      3
161.5 {41}      14.7    0.1     3.1     0.0    0.0     0.0   7%      3
162.5 {41}      16.2    0.1     2.8     0.1    0.0     0.9   7%      3
163.5 {41}      15.8    0.1     2.9     0.0    0.0     0.0   7%      3
164.5 {41}      16.7    0.1     2.7     0.1    0.0     0.0   7%      3
165.5 {41}      16.1    0.1     2.8     0.0    0.0     0.0   7%      3
166.5 {41}      17.7    0.1     2.6     0.0    0.0     0.0   7%      3
167.5 {41}      14.1    0.1     3.3     0.0    0.0     1.1   7%      3
168.5 {41}      16.8    0.1     2.7     0.0    0.0     0.0   7%      3
169.5 {41}      16.9    0.1     2.7     0.2    0.0     0.0   7%      3
170.5 {41}      16.8    0.1     2.7     0.0    0.0     0.0   7%      3
171.5 {41}      15.9    0.1     2.9     0.0    0.0     0.0   7%      3
172.5 {41}       9.8    0.1     4.7     0.1    0.0     0.9   7%      3
173.5 {41}      14.8    0.1     3.1     0.1    0.0     0.0   7%      3
174.5 {41}      13.8    0.1     3.4     0.1    0.0     0.0   7%      3
175.5 {41}      14.6    0.1     3.2     0.0    0.0     0.0   7%      3
176.5 {41}      14.0    0.1     3.3     0.0    0.0     0.0   7%      3
177.5 {41}      13.9    0.1     3.3     0.1    0.0     0.1   7%      3
178.5 {41}      14.3    0.1     3.2     0.1    0.0     0.0   7%      3
179.5 {41}      14.2    0.1     3.2     0.2    0.0     0.0   7%      3
180.5 {41}      14.3    0.1     3.2     0.0    0.0     0.0   7%      3
181.5 {41}      13.9    0.1     3.3     0.0    0.0     0.0   7%      3
182.6 {41}      14.1    0.1     3.2     0.0    0.0     0.7   7%      3
183.6 {41}      13.9    0.1     3.3     0.1    0.0     0.0   7%      3
184.6 {41}      14.5    0.1     3.2     0.1    0.0     0.0   7%      3
185.6 {41}      14.8    0.1     3.0     0.0    0.0     0.0   7%      3
186.6 {41}      14.4    0.1     3.2     0.0    0.0     0.0   7%      2
187.6 {41}      14.7    0.1     3.1     0.0    0.0     0.1   7%      3
188.6 {41}      14.9    0.1     3.1     0.0    0.0     0.0   7%      3
189.6 {41}      14.6    0.1     3.1     0.2    0.0     0.0   7%      3
190.6 {41}      14.5    0.1     3.1     0.0    0.0     0.0   7%      3
191.6 {41}      14.2    0.1     3.2     0.0    0.0     0.0   7%      3
192.6 {41}      13.7    0.1     3.4     0.0    0.0     0.0   7%      3
193.6 {41}      14.2    0.1     3.2     0.0    0.0     0.0   7%      3
194.6 {41}      14.7    0.1     3.1     0.2    0.0     0.0   7%      3
195.6 {41}      13.8    0.1     3.3     0.0    0.0     0.3   7%      3
196.6 {41}      13.3    0.1     3.4     0.0    0.0     0.0   7%      3
197.6 {41}      14.6    0.1     3.2     0.0    0.0     2.0   7%      3
198.6 {41}      13.7    0.1     3.4     0.0    0.0     0.0   7%      3
199.6 {41}      13.6    0.1     3.4     0.3    0.0     0.0   7%      3
200.6 {41}      12.8    0.1     3.6     0.0    0.0     0.0   7%      3
201.6 {41}      13.6    0.1     3.4     0.0    0.0     0.0   7%      3
202.6 {41}      13.5    0.1     3.4     0.0    0.0     0.0   7%      3
203.6 {41}      13.7    0.1     3.3     0.0    0.0     0.0   7%      3
204.6 {41}      13.8    0.1     3.3     0.2    0.0     0.0   7%      3
205.6 {41}      13.8    0.1     3.3     0.0    0.0     0.0   7%      3
206.6 {41}      14.1    0.1     3.3     0.0    0.0     0.0   7%      3
207.6 {41}      14.3    0.1     3.2     0.2    0.0     0.1   7%      3
208.6 {41}      13.6    0.1     3.4     0.0    0.0     0.0   7%      3
209.6 {41}      14.3    0.1     3.2     0.3    0.0     0.0   7%      3
210.6 {41}      14.2    0.1     3.3     0.0    0.0     0.0   7%      3
211.6 {41}      13.1    0.1     3.6     0.0    0.0     0.0   7%      3
212.6 {41}      12.9    0.1     3.6     0.0    0.0     0.0   7%      3
213.6 {41}      14.1    0.1     3.3     0.0    0.0     0.0   7%      3
214.6 {41}      13.6    0.1     3.4     0.1    0.0     0.0   7%      3
215.7 {41}       7.3    0.0     3.2    72.7    0.0     0.3   7%      3
216.7 {41}       0.0    0.0     0.0   111.2    0.1     0.4   7%      3
217.7 {41}       0.0    0.0     0.0   134.7    0.1     0.3   7%      3
218.7 {41}       0.0    0.0     0.0   129.6    0.1     0.3   7%      3
219.7 {41}       0.0    0.0     0.0   131.7    0.1     0.3   7%      3
220.7 {41}       0.0    0.0     0.0   132.4    0.1     0.3   7%      3
221.7 {41}       0.0    0.0     0.0   133.5    0.1     0.3   7%      3
222.7 {41}       0.0    0.0     0.0   123.4    0.1     0.4   7%      3
223.7 {41}       0.0    0.0     0.0   109.6    0.1     0.4   7%      3
224.7 {41}       0.0    0.0     0.0   127.2    0.1     0.4   7%      2
225.7 {41}       0.0    0.0     0.0    69.5    0.1     0.7   7%      2
226.7 {41}       0.0    0.0     0.0    54.3    0.1     0.8   7%      3
227.7 {41}       0.5    0.1    81.8    49.6    0.1     0.9   7%      6
228.7 {41}       0.6    0.1    75.8    48.0    0.1     1.0   7%      4
229.7 {41}       0.7    0.1    67.7    53.2    0.1     0.8   7%      6
230.7 {41}       0.8    0.1    57.8    35.2    0.1     1.3   7%      6
231.7 {41}       0.7    0.1    68.1    45.9    0.1     1.0   7%      6
232.7 {41}       0.7    0.1    56.0    49.6    0.1     0.9   7%      6
233.7 {41}       1.2    0.1    36.6    45.1    0.1     1.0   7%      6
234.7 {41}       1.2    0.1    37.8    47.1    0.1     0.9   7%      6
235.7 {41}       0.8    0.1    58.5    56.8    0.1     0.8   7%      6
236.7 {41}       0.7    0.1    71.1    58.1    0.1     0.8   7%      6
237.7 {41}       1.1    0.1    40.9    61.4    0.1     0.7   7%      6
238.7 {41}       0.7    0.1    60.7    63.0    0.1     0.7   7%      5
239.7 {41}       0.9    0.1    45.7    46.4    0.1     0.9   7%      6
240.7 {41}       0.7    0.1    72.6    40.8    0.1     1.2   7%      6
241.7 {41}       0.9    0.1    50.7    99.6    0.1     0.5   7%      6
242.7 {41}       0.8    0.1    55.9    56.0    0.1     0.7   7%      6
243.7 {41}       0.9    0.1    50.5    73.2    0.1     0.7   7%      6
244.7 {41}       0.7    0.1    68.3    64.2    0.1     0.7   7%      6
245.7 {41}       0.6    0.1    74.2    64.4    0.1     0.7   7%      6
246.7 {41}       0.6    0.1    72.0    63.8    0.1     0.7   7%      6
247.8 {41}       0.8    0.1    63.6    72.1    0.1     0.6   7%      6
248.8 {41}       0.4    0.1   113.6    25.9    0.1     1.9   7%      6
249.8 {41}       0.4    0.0    64.0    63.6    0.1     0.6   7%      6
250.8 {41}       0.7    0.1    99.1    70.9    0.1     0.8   7%      6
251.8 {41}       0.2    0.1   170.2    69.0    0.1     0.7   7%      6
252.8 {41}       0.5    0.1   118.9    62.4    0.1     0.7   7%      6
253.8 {41}       0.9    0.1    52.0    73.0    0.1     0.6   7%      6
254.8 {41}       1.2    0.1    38.6    72.3    0.1     0.6   7%      6
255.8 {41}       0.6    0.1    86.6    74.0    0.1     0.6   7%      6
256.8 {41}       0.7    0.1    52.2    14.9    0.1     3.2   7%      6
257.8 {41}       1.2    0.1    48.5    15.2    0.1     2.3   7%      6
258.8 {41}      12.0    0.2     8.2     0.0    0.0     0.0   7%      4
259.8 {41}      14.5    0.1     5.9     0.1    0.0     0.0   7%      6
260.8 {41}      21.5    0.2     4.7     0.0    0.0     0.0   7%      6
261.8 {41}      19.5    0.1     4.6     0.0    0.0     0.0   7%      6
262.8 {41}      19.6    0.1     4.8     0.2    0.0     0.9   7%      6
263.8 {41}      22.8    0.1     3.9     0.0    0.0     0.0   7%      6
264.8 {41}      22.7    0.1     2.7     0.1    0.0     0.0   7%      3
265.8 {41}      29.7    0.1     1.5     0.0    0.0     0.0   7%      3
266.8 {41}      21.3    0.1     1.7     0.0    0.0     0.0   7%      3
267.8 {41}      19.6    0.1     2.8     0.0    0.0     1.2   7%      3
268.8 {41}      30.3    0.1     1.5     0.2    0.0     0.1   7%      3
269.8 {41}      28.5    0.1     1.6     0.2    0.0     0.0   7%      3
270.8 {41}      25.2    0.1     1.8     0.0    0.0     0.0   7%      3
271.8 {41}      29.7    0.1     1.5     0.0    0.0     0.0   7%      3
272.8 {41}      28.3    0.1     1.6     0.0    0.0     1.3   7%      3
273.8 {41}      30.0    0.1     1.5     0.0    0.0     0.0   7%      3
274.8 {41}      32.1    0.1     1.4     0.1    0.0     0.0   7%      3
275.8 {41}      24.3    0.1     1.9     0.0    0.0     0.0   7%      3
276.8 {41}      29.0    0.1     1.6     0.0    0.0     0.0   7%      3
277.8 {41}      30.8    0.1     1.5     0.2    0.0     0.1   7%      3
278.8 {41}      29.3    0.1     1.6     0.0    0.0     0.0   7%      3
279.8 {41}      33.9    0.1     1.3     0.1    0.0     0.0   7%      3
