#!/bin/bash
#convert_globalstatus -i 300 -n 3 -m 0 samples/N-vs-X-002.txt

cat <<EOF > $1
1.700000 610.429043
2.333333 621.303630
3.333333 591.254125
2.000000 635.986842
2.666667 685.423841
2.366667 658.056106
3.100000 760.286184
2.133333 705.463576
3.600000 765.470395
3.166667 779.663366
2.433333 779.122112
2.600000 800.455446
3.466667 915.521452
4.266667 914.595395
3.833333 952.924092
5.333333 958.417763
5.400000 1023.608553
5.300000 992.983553
5.500000 1086.019802
4.800000 1071.555921
7.033333 1198.287129
7.700000 1237.222951
9.933333 1220.671053
9.466667 1229.255738
7.900000 1172.654605
6.266667 1179.848185
7.566667 1230.125413
8.800000 1255.257426
8.866667 1276.825658
7.366667 1195.782895
8.833333 1252.013158
8.000000 1308.296053
6.733333 1406.128289
10.900000 1317.398026
8.500000 1310.421053
9.366667 1371.562500
8.066667 1280.009836
7.833333 1223.884868
6.900000 1224.726974
6.800000 1238.796053
7.533333 1196.743421
5.833333 1145.574257
5.666667 1119.325658
5.133333 1075.766447
EOF
