TS 1344561790.012145298 2012-08-09 21:23:10
   1       0 ram0 0 0 0 0 0 0 0 0 0 0 0
   1       1 ram1 0 0 0 0 0 0 0 0 0 0 0
   1       2 ram2 0 0 0 0 0 0 0 0 0 0 0
   1       3 ram3 0 0 0 0 0 0 0 0 0 0 0
   1       4 ram4 0 0 0 0 0 0 0 0 0 0 0
   1       5 ram5 0 0 0 0 0 0 0 0 0 0 0
   1       6 ram6 0 0 0 0 0 0 0 0 0 0 0
   1       7 ram7 0 0 0 0 0 0 0 0 0 0 0
   1       8 ram8 0 0 0 0 0 0 0 0 0 0 0
   1       9 ram9 0 0 0 0 0 0 0 0 0 0 0
   1      10 ram10 0 0 0 0 0 0 0 0 0 0 0
   1      11 ram11 0 0 0 0 0 0 0 0 0 0 0
   1      12 ram12 0 0 0 0 0 0 0 0 0 0 0
   1      13 ram13 0 0 0 0 0 0 0 0 0 0 0
   1      14 ram14 0 0 0 0 0 0 0 0 0 0 0
   1      15 ram15 0 0 0 0 0 0 0 0 0 0 0
   7       0 loop0 0 0 0 0 0 0 0 0 0 0 0
   7       1 loop1 0 0 0 0 0 0 0 0 0 0 0
   7       2 loop2 0 0 0 0 0 0 0 0 0 0 0
   7       3 loop3 0 0 0 0 0 0 0 0 0 0 0
   7       4 loop4 0 0 0 0 0 0 0 0 0 0 0
   7       5 loop5 0 0 0 0 0 0 0 0 0 0 0
   7       6 loop6 0 0 0 0 0 0 0 0 0 0 0
   7       7 loop7 0 0 0 0 0 0 0 0 0 0 0
 202       0 xvda 403324 10092 9822296 7027820 491405 495594 11064776 10228900 1 3676040 17256240
 202       1 xvda1 374901 4606 9354930 6292210 98601 194011 2340904 5690100 1 2951600 12123450
 202       2 xvda2 2119 147 18128 24540 1080 4035 40968 24340 0 5070 48880
 202       3 xvda3 26224 5339 448598 710920 391723 297548 8682904 4514460 0 827200 5225670
 202      16 xvdb 204322927 10730363 8654807494 343215904 384700785 40723343 15617098115 2443223186 3 1164749100 2787845720
 202      17 xvdb1 204322845 10730363 8654806838 343215734 384700784 40723343 15617098115 2443223186 3 1164749680 2786863940
   9       0 md0 0 0 0 0 0 0 0 0 0 0 0
 253       0 dm-0 215061833 0 8654805862 973640744 436094815 0 15617098267 519250180 3 1165270180 1493615624
 253       1 dm-1 27721 0 387490 788600 550811 0 7546680 8270690 0 622660 9059380
 253       2 dm-2 2256 0 48194 29430 61331 0 508992 355400 0 138920 384830
 253       3 dm-3 1529 0 12226 19800 78346 0 627232 680870 0 223590 700670
TS 1344561791.039744817 2012-08-09 21:23:11
   1       0 ram0 0 0 0 0 0 0 0 0 0 0 0
   1       1 ram1 0 0 0 0 0 0 0 0 0 0 0
   1       2 ram2 0 0 0 0 0 0 0 0 0 0 0
   1       3 ram3 0 0 0 0 0 0 0 0 0 0 0
   1       4 ram4 0 0 0 0 0 0 0 0 0 0 0
   1       5 ram5 0 0 0 0 0 0 0 0 0 0 0
   1       6 ram6 0 0 0 0 0 0 0 0 0 0 0
   1       7 ram7 0 0 0 0 0 0 0 0 0 0 0
   1       8 ram8 0 0 0 0 0 0 0 0 0 0 0
   1       9 ram9 0 0 0 0 0 0 0 0 0 0 0
   1      10 ram10 0 0 0 0 0 0 0 0 0 0 0
   1      11 ram11 0 0 0 0 0 0 0 0 0 0 0
   1      12 ram12 0 0 0 0 0 0 0 0 0 0 0
   1      13 ram13 0 0 0 0 0 0 0 0 0 0 0
   1      14 ram14 0 0 0 0 0 0 0 0 0 0 0
   1      15 ram15 0 0 0 0 0 0 0 0 0 0 0
   7       0 loop0 0 0 0 0 0 0 0 0 0 0 0
   7       1 loop1 0 0 0 0 0 0 0 0 0 0 0
   7       2 loop2 0 0 0 0 0 0 0 0 0 0 0
   7       3 loop3 0 0 0 0 0 0 0 0 0 0 0
   7       4 loop4 0 0 0 0 0 0 0 0 0 0 0
   7       5 loop5 0 0 0 0 0 0 0 0 0 0 0
   7       6 loop6 0 0 0 0 0 0 0 0 0 0 0
   7       7 loop7 0 0 0 0 0 0 0 0 0 0 0
 202       0 xvda 403354 10092 9823128 7028100 491406 495594 11064784 10228900 0 3676100 17256500
 202       1 xvda1 374931 4606 9355762 6292490 98601 194011 2340904 5690100 0 2951660 12123710
 202       2 xvda2 2119 147 18128 24540 1080 4035 40968 24340 0 5070 48880
 202       3 xvda3 26224 5339 448598 710920 391724 297548 8682912 4514460 0 827200 5225670
 202      16 xvdb 204323193 10730363 8654830062 343218314 384700942 40723400 15617109613 2443225946 37 1164749610 2787851230
 202      17 xvdb1 204323111 10730363 8654829406 343218144 384700941 40723400 15617109613 2443225946 37 1164750190 2786869450
   9       0 md0 0 0 0 0 0 0 0 0 0 0 0
 253       0 dm-0 215062099 0 8654828430 973643154 436095063 0 15617111663 519253130 66 1165270690 1493621614
 253       1 dm-1 27721 0 387490 788600 550811 0 7546680 8270690 0 622660 9059380
 253       2 dm-2 2256 0 48194 29430 61331 0 508992 355400 0 138920 384830
 253       3 dm-3 1529 0 12226 19800 78347 0 627240 680870 0 223590 700670
TS 1344561792.010002094 2012-08-09 21:23:12
   1       0 ram0 0 0 0 0 0 0 0 0 0 0 0
   1       1 ram1 0 0 0 0 0 0 0 0 0 0 0
   1       2 ram2 0 0 0 0 0 0 0 0 0 0 0
   1       3 ram3 0 0 0 0 0 0 0 0 0 0 0
   1       4 ram4 0 0 0 0 0 0 0 0 0 0 0
   1       5 ram5 0 0 0 0 0 0 0 0 0 0 0
   1       6 ram6 0 0 0 0 0 0 0 0 0 0 0
   1       7 ram7 0 0 0 0 0 0 0 0 0 0 0
   1       8 ram8 0 0 0 0 0 0 0 0 0 0 0
   1       9 ram9 0 0 0 0 0 0 0 0 0 0 0
   1      10 ram10 0 0 0 0 0 0 0 0 0 0 0
   1      11 ram11 0 0 0 0 0 0 0 0 0 0 0
   1      12 ram12 0 0 0 0 0 0 0 0 0 0 0
   1      13 ram13 0 0 0 0 0 0 0 0 0 0 0
   1      14 ram14 0 0 0 0 0 0 0 0 0 0 0
   1      15 ram15 0 0 0 0 0 0 0 0 0 0 0
   7       0 loop0 0 0 0 0 0 0 0 0 0 0 0
   7       1 loop1 0 0 0 0 0 0 0 0 0 0 0
   7       2 loop2 0 0 0 0 0 0 0 0 0 0 0
   7       3 loop3 0 0 0 0 0 0 0 0 0 0 0
   7       4 loop4 0 0 0 0 0 0 0 0 0 0 0
   7       5 loop5 0 0 0 0 0 0 0 0 0 0 0
   7       6 loop6 0 0 0 0 0 0 0 0 0 0 0
   7       7 loop7 0 0 0 0 0 0 0 0 0 0 0
 202       0 xvda 403354 10092 9823128 7028100 491407 495594 11064792 10228900 0 3676100 17256500
 202       1 xvda1 374931 4606 9355762 6292490 98601 194011 2340904 5690100 0 2951660 12123710
 202       2 xvda2 2119 147 18128 24540 1080 4035 40968 24340 0 5070 48880
 202       3 xvda3 26224 5339 448598 710920 391725 297548 8682920 4514460 0 827200 5225670
 202      16 xvdb 204323365 10730363 8654843918 343220374 384701339 40723454 15617126679 2443229436 44 1164750280 2787860930
 202      17 xvdb1 204323283 10730363 8654843262 343220204 384701338 40723454 15617126679 2443229436 44 1164750860 2786879150
   9       0 md0 0 0 0 0 0 0 0 0 0 0 0
 253       0 dm-0 215062275 0 8654842622 973645214 436095541 0 15617130017 519258150 44 1165271360 1493632554
 253       1 dm-1 27721 0 387490 788600 550812 0 7546688 8270690 0 622660 9059380
 253       2 dm-2 2256 0 48194 29430 61331 0 508992 355400 0 138920 384830
 253       3 dm-3 1529 0 12226 19800 78347 0 627240 680870 0 223590 700670
TS 1344561793.010276322 2012-08-09 21:23:13
   1       0 ram0 0 0 0 0 0 0 0 0 0 0 0
   1       1 ram1 0 0 0 0 0 0 0 0 0 0 0
   1       2 ram2 0 0 0 0 0 0 0 0 0 0 0
   1       3 ram3 0 0 0 0 0 0 0 0 0 0 0
   1       4 ram4 0 0 0 0 0 0 0 0 0 0 0
   1       5 ram5 0 0 0 0 0 0 0 0 0 0 0
   1       6 ram6 0 0 0 0 0 0 0 0 0 0 0
   1       7 ram7 0 0 0 0 0 0 0 0 0 0 0
   1       8 ram8 0 0 0 0 0 0 0 0 0 0 0
   1       9 ram9 0 0 0 0 0 0 0 0 0 0 0
   1      10 ram10 0 0 0 0 0 0 0 0 0 0 0
   1      11 ram11 0 0 0 0 0 0 0 0 0 0 0
   1      12 ram12 0 0 0 0 0 0 0 0 0 0 0
   1      13 ram13 0 0 0 0 0 0 0 0 0 0 0
   1      14 ram14 0 0 0 0 0 0 0 0 0 0 0
   1      15 ram15 0 0 0 0 0 0 0 0 0 0 0
   7       0 loop0 0 0 0 0 0 0 0 0 0 0 0
   7       1 loop1 0 0 0 0 0 0 0 0 0 0 0
   7       2 loop2 0 0 0 0 0 0 0 0 0 0 0
   7       3 loop3 0 0 0 0 0 0 0 0 0 0 0
   7       4 loop4 0 0 0 0 0 0 0 0 0 0 0
   7       5 loop5 0 0 0 0 0 0 0 0 0 0 0
   7       6 loop6 0 0 0 0 0 0 0 0 0 0 0
   7       7 loop7 0 0 0 0 0 0 0 0 0 0 0
 202       0 xvda 403354 10092 9823128 7028100 491414 495607 11064952 10228900 0 3676100 17256500
 202       1 xvda1 374931 4606 9355762 6292490 98601 194011 2340904 5690100 0 2951660 12123710
 202       2 xvda2 2119 147 18128 24540 1080 4035 40968 24340 0 5070 48880
 202       3 xvda3 26224 5339 448598 710920 391732 297561 8683080 4514460 0 827200 5225670
 202      16 xvdb 204323500 10730363 8654854686 343226164 384701855 40723624 15617161501 2443248386 29 1164751250 2787881430
 202      17 xvdb1 204323418 10730363 8654854030 343225994 384701854 40723624 15617161501 2443248386 29 1164751830 2786899650
   9       0 md0 0 0 0 0 0 0 0 0 0 0 0
 253       0 dm-0 215062412 0 8654853566 973651004 436096210 0 15617163407 519281500 29 1165272330 1493657454
 253       1 dm-1 27721 0 387490 788600 550832 0 7546848 8270690 0 622660 9059380
 253       2 dm-2 2256 0 48194 29430 61331 0 508992 355400 0 138920 384830
 253       3 dm-3 1529 0 12226 19800 78347 0 627240 680870 0 223590 700670
TS 1344561794.023156150 2012-08-09 21:23:14
   1       0 ram0 0 0 0 0 0 0 0 0 0 0 0
   1       1 ram1 0 0 0 0 0 0 0 0 0 0 0
   1       2 ram2 0 0 0 0 0 0 0 0 0 0 0
   1       3 ram3 0 0 0 0 0 0 0 0 0 0 0
   1       4 ram4 0 0 0 0 0 0 0 0 0 0 0
   1       5 ram5 0 0 0 0 0 0 0 0 0 0 0
   1       6 ram6 0 0 0 0 0 0 0 0 0 0 0
   1       7 ram7 0 0 0 0 0 0 0 0 0 0 0
   1       8 ram8 0 0 0 0 0 0 0 0 0 0 0
   1       9 ram9 0 0 0 0 0 0 0 0 0 0 0
   1      10 ram10 0 0 0 0 0 0 0 0 0 0 0
   1      11 ram11 0 0 0 0 0 0 0 0 0 0 0
   1      12 ram12 0 0 0 0 0 0 0 0 0 0 0
   1      13 ram13 0 0 0 0 0 0 0 0 0 0 0
   1      14 ram14 0 0 0 0 0 0 0 0 0 0 0
   1      15 ram15 0 0 0 0 0 0 0 0 0 0 0
   7       0 loop0 0 0 0 0 0 0 0 0 0 0 0
   7       1 loop1 0 0 0 0 0 0 0 0 0 0 0
   7       2 loop2 0 0 0 0 0 0 0 0 0 0 0
   7       3 loop3 0 0 0 0 0 0 0 0 0 0 0
   7       4 loop4 0 0 0 0 0 0 0 0 0 0 0
   7       5 loop5 0 0 0 0 0 0 0 0 0 0 0
   7       6 loop6 0 0 0 0 0 0 0 0 0 0 0
   7       7 loop7 0 0 0 0 0 0 0 0 0 0 0
 202       0 xvda 403354 10092 9823128 7028100 491416 495607 11064968 10228900 0 3676100 17256500
 202       1 xvda1 374931 4606 9355762 6292490 98601 194011 2340904 5690100 0 2951660 12123710
 202       2 xvda2 2119 147 18128 24540 1080 4035 40968 24340 0 5070 48880
 202       3 xvda3 26224 5339 448598 710920 391734 297561 8683096 4514460 0 827200 5225670
 202      16 xvdb 204323776 10730363 8654877846 343229344 384702382 40723742 15617190473 2443255916 30 1164752040 2787892160
 202      17 xvdb1 204323694 10730363 8654877190 343229174 384702381 40723742 15617190473 2443255916 30 1164752620 2786910380
   9       0 md0 0 0 0 0 0 0 0 0 0 0 0
 253       0 dm-0 215062688 0 8654876726 973654184 436096869 0 15617192489 519291710 30 1165273120 1493670864
 253       1 dm-1 27721 0 387490 788600 550834 0 7546864 8270690 0 622660 9059380
 253       2 dm-2 2256 0 48194 29430 61331 0 508992 355400 0 138920 384830
 253       3 dm-3 1529 0 12226 19800 78347 0 627240 680870 0 223590 700670
TS 1344561795.011565374 2012-08-09 21:23:15
   1       0 ram0 0 0 0 0 0 0 0 0 0 0 0
   1       1 ram1 0 0 0 0 0 0 0 0 0 0 0
   1       2 ram2 0 0 0 0 0 0 0 0 0 0 0
   1       3 ram3 0 0 0 0 0 0 0 0 0 0 0
   1       4 ram4 0 0 0 0 0 0 0 0 0 0 0
   1       5 ram5 0 0 0 0 0 0 0 0 0 0 0
   1       6 ram6 0 0 0 0 0 0 0 0 0 0 0
   1       7 ram7 0 0 0 0 0 0 0 0 0 0 0
   1       8 ram8 0 0 0 0 0 0 0 0 0 0 0
   1       9 ram9 0 0 0 0 0 0 0 0 0 0 0
   1      10 ram10 0 0 0 0 0 0 0 0 0 0 0
   1      11 ram11 0 0 0 0 0 0 0 0 0 0 0
   1      12 ram12 0 0 0 0 0 0 0 0 0 0 0
   1      13 ram13 0 0 0 0 0 0 0 0 0 0 0
   1      14 ram14 0 0 0 0 0 0 0 0 0 0 0
   1      15 ram15 0 0 0 0 0 0 0 0 0 0 0
   7       0 loop0 0 0 0 0 0 0 0 0 0 0 0
   7       1 loop1 0 0 0 0 0 0 0 0 0 0 0
   7       2 loop2 0 0 0 0 0 0 0 0 0 0 0
   7       3 loop3 0 0 0 0 0 0 0 0 0 0 0
   7       4 loop4 0 0 0 0 0 0 0 0 0 0 0
   7       5 loop5 0 0 0 0 0 0 0 0 0 0 0
   7       6 loop6 0 0 0 0 0 0 0 0 0 0 0
   7       7 loop7 0 0 0 0 0 0 0 0 0 0 0
 202       0 xvda 403354 10092 9823128 7028100 491416 495607 11064968 10228900 0 3676100 17256500
 202       1 xvda1 374931 4606 9355762 6292490 98601 194011 2340904 5690100 0 2951660 12123710
 202       2 xvda2 2119 147 18128 24540 1080 4035 40968 24340 0 5070 48880
 202       3 xvda3 26224 5339 448598 710920 391734 297561 8683096 4514460 0 827200 5225670
 202      16 xvdb 204323981 10730363 8654894478 343231924 384702899 40723836 15617213571 2443262916 28 1164752890 2787902000
 202      17 xvdb1 204323899 10730363 8654893822 343231754 384702898 40723836 15617213571 2443262916 28 1164753470 2786920220
   9       0 md0 0 0 0 0 0 0 0 0 0 0 0
 253       0 dm-0 215062887 0 8654892846 973656764 436097505 0 15617215109 519301030 50 1165273970 1493683464
 253       1 dm-1 27721 0 387490 788600 550834 0 7546864 8270690 0 622660 9059380
 253       2 dm-2 2256 0 48194 29430 61331 0 508992 355400 0 138920 384830
 253       3 dm-3 1529 0 12226 19800 78347 0 627240 680870 0 223590 700670
TS 1344561796.012037403 2012-08-09 21:23:16
   1       0 ram0 0 0 0 0 0 0 0 0 0 0 0
   1       1 ram1 0 0 0 0 0 0 0 0 0 0 0
   1       2 ram2 0 0 0 0 0 0 0 0 0 0 0
   1       3 ram3 0 0 0 0 0 0 0 0 0 0 0
   1       4 ram4 0 0 0 0 0 0 0 0 0 0 0
   1       5 ram5 0 0 0 0 0 0 0 0 0 0 0
   1       6 ram6 0 0 0 0 0 0 0 0 0 0 0
   1       7 ram7 0 0 0 0 0 0 0 0 0 0 0
   1       8 ram8 0 0 0 0 0 0 0 0 0 0 0
   1       9 ram9 0 0 0 0 0 0 0 0 0 0 0
   1      10 ram10 0 0 0 0 0 0 0 0 0 0 0
   1      11 ram11 0 0 0 0 0 0 0 0 0 0 0
   1      12 ram12 0 0 0 0 0 0 0 0 0 0 0
   1      13 ram13 0 0 0 0 0 0 0 0 0 0 0
   1      14 ram14 0 0 0 0 0 0 0 0 0 0 0
   1      15 ram15 0 0 0 0 0 0 0 0 0 0 0
   7       0 loop0 0 0 0 0 0 0 0 0 0 0 0
   7       1 loop1 0 0 0 0 0 0 0 0 0 0 0
   7       2 loop2 0 0 0 0 0 0 0 0 0 0 0
   7       3 loop3 0 0 0 0 0 0 0 0 0 0 0
   7       4 loop4 0 0 0 0 0 0 0 0 0 0 0
   7       5 loop5 0 0 0 0 0 0 0 0 0 0 0
   7       6 loop6 0 0 0 0 0 0 0 0 0 0 0
   7       7 loop7 0 0 0 0 0 0 0 0 0 0 0
 202       0 xvda 403354 10092 9823128 7028100 491417 495607 11064976 10228900 0 3676100 17256500
 202       1 xvda1 374931 4606 9355762 6292490 98601 194011 2340904 5690100 0 2951660 12123710
 202       2 xvda2 2119 147 18128 24540 1080 4035 40968 24340 0 5070 48880
 202       3 xvda3 26224 5339 448598 710920 391735 297561 8683104 4514460 0 827200 5225670
 202      16 xvdb 204324188 10730363 8654911006 343235274 384703441 40723936 15617238965 2443269986 25 1164753810 2787913000
 202      17 xvdb1 204324106 10730363 8654910350 343235104 384703440 40723936 15617238965 2443269986 25 1164754390 2786931220
   9       0 md0 0 0 0 0 0 0 0 0 0 0 0
 253       0 dm-0 215063094 0 8654909374 973660094 436098170 0 15617240527 519311000 43 1165274890 1493697744
 253       1 dm-1 27721 0 387490 788600 550835 0 7546872 8270690 0 622660 9059380
 253       2 dm-2 2256 0 48194 29430 61331 0 508992 355400 0 138920 384830
 253       3 dm-3 1529 0 12226 19800 78347 0 627240 680870 0 223590 700670
TS 1344561797.009619895 2012-08-09 21:23:17
   1       0 ram0 0 0 0 0 0 0 0 0 0 0 0
   1       1 ram1 0 0 0 0 0 0 0 0 0 0 0
   1       2 ram2 0 0 0 0 0 0 0 0 0 0 0
   1       3 ram3 0 0 0 0 0 0 0 0 0 0 0
   1       4 ram4 0 0 0 0 0 0 0 0 0 0 0
   1       5 ram5 0 0 0 0 0 0 0 0 0 0 0
   1       6 ram6 0 0 0 0 0 0 0 0 0 0 0
   1       7 ram7 0 0 0 0 0 0 0 0 0 0 0
   1       8 ram8 0 0 0 0 0 0 0 0 0 0 0
   1       9 ram9 0 0 0 0 0 0 0 0 0 0 0
   1      10 ram10 0 0 0 0 0 0 0 0 0 0 0
   1      11 ram11 0 0 0 0 0 0 0 0 0 0 0
   1      12 ram12 0 0 0 0 0 0 0 0 0 0 0
   1      13 ram13 0 0 0 0 0 0 0 0 0 0 0
   1      14 ram14 0 0 0 0 0 0 0 0 0 0 0
   1      15 ram15 0 0 0 0 0 0 0 0 0 0 0
   7       0 loop0 0 0 0 0 0 0 0 0 0 0 0
   7       1 loop1 0 0 0 0 0 0 0 0 0 0 0
   7       2 loop2 0 0 0 0 0 0 0 0 0 0 0
   7       3 loop3 0 0 0 0 0 0 0 0 0 0 0
   7       4 loop4 0 0 0 0 0 0 0 0 0 0 0
   7       5 loop5 0 0 0 0 0 0 0 0 0 0 0
   7       6 loop6 0 0 0 0 0 0 0 0 0 0 0
   7       7 loop7 0 0 0 0 0 0 0 0 0 0 0
 202       0 xvda 403354 10092 9823128 7028100 491423 495612 11065064 10229340 0 3676300 17256940
 202       1 xvda1 374931 4606 9355762 6292490 98601 194011 2340904 5690100 0 2951660 12123710
 202       2 xvda2 2119 147 18128 24540 1080 4035 40968 24340 0 5070 48880
 202       3 xvda3 26224 5339 448598 710920 391741 297566 8683192 4514900 0 827400 5226110
 202      16 xvdb 204324406 10730363 8654927622 343239414 384703680 40723965 15617251767 2443274706 22 1164754740 2787921730
 202      17 xvdb1 204324324 10730363 8654926966 343239244 384703679 40723965 15617251767 2443274706 22 1164755320 2786939950
   9       0 md0 0 0 0 0 0 0 0 0 0 0 0
 253       0 dm-0 215063318 0 8654926502 973664224 436098431 0 15617253031 519317580 22 1165275810 1493707484
 253       1 dm-1 27721 0 387490 788600 550836 0 7546880 8270690 0 622660 9059380
 253       2 dm-2 2256 0 48194 29430 61331 0 508992 355400 0 138920 384830
 253       3 dm-3 1529 0 12226 19800 78357 0 627320 681430 0 223790 701230
TS 1344561798.009874432 2012-08-09 21:23:18
   1       0 ram0 0 0 0 0 0 0 0 0 0 0 0
   1       1 ram1 0 0 0 0 0 0 0 0 0 0 0
   1       2 ram2 0 0 0 0 0 0 0 0 0 0 0
   1       3 ram3 0 0 0 0 0 0 0 0 0 0 0
   1       4 ram4 0 0 0 0 0 0 0 0 0 0 0
   1       5 ram5 0 0 0 0 0 0 0 0 0 0 0
   1       6 ram6 0 0 0 0 0 0 0 0 0 0 0
   1       7 ram7 0 0 0 0 0 0 0 0 0 0 0
   1       8 ram8 0 0 0 0 0 0 0 0 0 0 0
   1       9 ram9 0 0 0 0 0 0 0 0 0 0 0
   1      10 ram10 0 0 0 0 0 0 0 0 0 0 0
   1      11 ram11 0 0 0 0 0 0 0 0 0 0 0
   1      12 ram12 0 0 0 0 0 0 0 0 0 0 0
   1      13 ram13 0 0 0 0 0 0 0 0 0 0 0
   1      14 ram14 0 0 0 0 0 0 0 0 0 0 0
   1      15 ram15 0 0 0 0 0 0 0 0 0 0 0
   7       0 loop0 0 0 0 0 0 0 0 0 0 0 0
   7       1 loop1 0 0 0 0 0 0 0 0 0 0 0
   7       2 loop2 0 0 0 0 0 0 0 0 0 0 0
   7       3 loop3 0 0 0 0 0 0 0 0 0 0 0
   7       4 loop4 0 0 0 0 0 0 0 0 0 0 0
   7       5 loop5 0 0 0 0 0 0 0 0 0 0 0
   7       6 loop6 0 0 0 0 0 0 0 0 0 0 0
   7       7 loop7 0 0 0 0 0 0 0 0 0 0 0
 202       0 xvda 403354 10092 9823128 7028100 491426 495619 11065144 10229350 0 3676310 17256950
 202       1 xvda1 374931 4606 9355762 6292490 98601 194011 2340904 5690100 0 2951660 12123710
 202       2 xvda2 2119 147 18128 24540 1080 4035 40968 24340 0 5070 48880
 202       3 xvda3 26224 5339 448598 710920 391744 297573 8683272 4514910 0 827410 5226120
 202      16 xvdb 204324498 10730364 8654934662 343244674 384704008 40724032 15617273819 2443285556 37 1164755680 2787938230
 202      17 xvdb1 204324416 10730364 8654934006 343244504 384704007 40724032 15617273819 2443285556 37 1164756260 2786956450
   9       0 md0 0 0 0 0 0 0 0 0 0 0 0
 253       0 dm-0 215063411 0 8654933542 973669514 436098841 0 15617276303 519330770 37 1165276750 1493726354
 253       1 dm-1 27721 0 387490 788600 550846 0 7546960 8270700 0 622670 9059390
 253       2 dm-2 2256 0 48194 29430 61331 0 508992 355400 0 138920 384830
 253       3 dm-3 1529 0 12226 19800 78357 0 627320 681430 0 223790 701230
TS 1344561799.010161577 2012-08-09 21:23:19
   1       0 ram0 0 0 0 0 0 0 0 0 0 0 0
   1       1 ram1 0 0 0 0 0 0 0 0 0 0 0
   1       2 ram2 0 0 0 0 0 0 0 0 0 0 0
   1       3 ram3 0 0 0 0 0 0 0 0 0 0 0
   1       4 ram4 0 0 0 0 0 0 0 0 0 0 0
   1       5 ram5 0 0 0 0 0 0 0 0 0 0 0
   1       6 ram6 0 0 0 0 0 0 0 0 0 0 0
   1       7 ram7 0 0 0 0 0 0 0 0 0 0 0
   1       8 ram8 0 0 0 0 0 0 0 0 0 0 0
   1       9 ram9 0 0 0 0 0 0 0 0 0 0 0
   1      10 ram10 0 0 0 0 0 0 0 0 0 0 0
   1      11 ram11 0 0 0 0 0 0 0 0 0 0 0
   1      12 ram12 0 0 0 0 0 0 0 0 0 0 0
   1      13 ram13 0 0 0 0 0 0 0 0 0 0 0
   1      14 ram14 0 0 0 0 0 0 0 0 0 0 0
   1      15 ram15 0 0 0 0 0 0 0 0 0 0 0
   7       0 loop0 0 0 0 0 0 0 0 0 0 0 0
   7       1 loop1 0 0 0 0 0 0 0 0 0 0 0
   7       2 loop2 0 0 0 0 0 0 0 0 0 0 0
   7       3 loop3 0 0 0 0 0 0 0 0 0 0 0
   7       4 loop4 0 0 0 0 0 0 0 0 0 0 0
   7       5 loop5 0 0 0 0 0 0 0 0 0 0 0
   7       6 loop6 0 0 0 0 0 0 0 0 0 0 0
   7       7 loop7 0 0 0 0 0 0 0 0 0 0 0
 202       0 xvda 403354 10092 9823128 7028100 491427 495619 11065152 10229350 0 3676310 17256950
 202       1 xvda1 374931 4606 9355762 6292490 98601 194011 2340904 5690100 0 2951660 12123710
 202       2 xvda2 2119 147 18128 24540 1080 4035 40968 24340 0 5070 48880
 202       3 xvda3 26224 5339 448598 710920 391745 297573 8683280 4514910 0 827410 5226120
 202      16 xvdb 204324685 10730364 8654948734 343250404 384704608 40724193 15617308700 2443305736 14 1164756670 2787963020
 202      17 xvdb1 204324603 10730364 8654948078 343250234 384704607 40724193 15617308700 2443305736 14 1164757250 2786981240
   9       0 md0 0 0 0 0 0 0 0 0 0 0 0
 253       0 dm-0 215063592 0 8654947102 973675244 436099591 0 15617309502 519358930 27 1165277740 1493759384
 253       1 dm-1 27721 0 387490 788600 550847 0 7546968 8270700 0 622670 9059390
 253       2 dm-2 2256 0 48194 29430 61331 0 508992 355400 0 138920 384830
 253       3 dm-3 1529 0 12226 19800 78357 0 627320 681430 0 223790 701230
TS 1344561800.052755332 2012-08-09 21:23:20
   1       0 ram0 0 0 0 0 0 0 0 0 0 0 0
   1       1 ram1 0 0 0 0 0 0 0 0 0 0 0
   1       2 ram2 0 0 0 0 0 0 0 0 0 0 0
   1       3 ram3 0 0 0 0 0 0 0 0 0 0 0
   1       4 ram4 0 0 0 0 0 0 0 0 0 0 0
   1       5 ram5 0 0 0 0 0 0 0 0 0 0 0
   1       6 ram6 0 0 0 0 0 0 0 0 0 0 0
   1       7 ram7 0 0 0 0 0 0 0 0 0 0 0
   1       8 ram8 0 0 0 0 0 0 0 0 0 0 0
   1       9 ram9 0 0 0 0 0 0 0 0 0 0 0
   1      10 ram10 0 0 0 0 0 0 0 0 0 0 0
   1      11 ram11 0 0 0 0 0 0 0 0 0 0 0
   1      12 ram12 0 0 0 0 0 0 0 0 0 0 0
   1      13 ram13 0 0 0 0 0 0 0 0 0 0 0
   1      14 ram14 0 0 0 0 0 0 0 0 0 0 0
   1      15 ram15 0 0 0 0 0 0 0 0 0 0 0
   7       0 loop0 0 0 0 0 0 0 0 0 0 0 0
   7       1 loop1 0 0 0 0 0 0 0 0 0 0 0
   7       2 loop2 0 0 0 0 0 0 0 0 0 0 0
   7       3 loop3 0 0 0 0 0 0 0 0 0 0 0
   7       4 loop4 0 0 0 0 0 0 0 0 0 0 0
   7       5 loop5 0 0 0 0 0 0 0 0 0 0 0
   7       6 loop6 0 0 0 0 0 0 0 0 0 0 0
   7       7 loop7 0 0 0 0 0 0 0 0 0 0 0
 202       0 xvda 403363 10093 9823416 7028180 491428 495619 11065160 10229350 0 3676350 17257030
 202       1 xvda1 374940 4607 9356050 6292570 98601 194011 2340904 5690100 0 2951700 12123790
 202       2 xvda2 2119 147 18128 24540 1080 4035 40968 24340 0 5070 48880
 202       3 xvda3 26224 5339 448598 710920 391746 297573 8683288 4514910 0 827410 5226120
 202      16 xvdb 204324970 10730364 8654970062 343253794 384705042 40724258 15617332964 2443310026 55 1164757630 2787970970
 202      17 xvdb1 204324888 10730364 8654969406 343253624 384705041 40724258 15617332964 2443310026 55 1164758210 2786989190
   9       0 md0 0 0 0 0 0 0 0 0 0 0 0
 253       0 dm-0 215063883 0 8654968942 973678654 436100129 0 15617335558 519363870 89 1165278700 1493768084
 253       1 dm-1 27721 0 387490 788600 550848 0 7546976 8270700 0 622670 9059390
 253       2 dm-2 2256 0 48194 29430 61331 0 508992 355400 0 138920 384830
 253       3 dm-3 1529 0 12226 19800 78357 0 627320 681430 0 223790 701230
TS 1344561801.015453757 2012-08-09 21:23:21
   1       0 ram0 0 0 0 0 0 0 0 0 0 0 0
   1       1 ram1 0 0 0 0 0 0 0 0 0 0 0
   1       2 ram2 0 0 0 0 0 0 0 0 0 0 0
   1       3 ram3 0 0 0 0 0 0 0 0 0 0 0
   1       4 ram4 0 0 0 0 0 0 0 0 0 0 0
   1       5 ram5 0 0 0 0 0 0 0 0 0 0 0
   1       6 ram6 0 0 0 0 0 0 0 0 0 0 0
   1       7 ram7 0 0 0 0 0 0 0 0 0 0 0
   1       8 ram8 0 0 0 0 0 0 0 0 0 0 0
   1       9 ram9 0 0 0 0 0 0 0 0 0 0 0
   1      10 ram10 0 0 0 0 0 0 0 0 0 0 0
   1      11 ram11 0 0 0 0 0 0 0 0 0 0 0
   1      12 ram12 0 0 0 0 0 0 0 0 0 0 0
   1      13 ram13 0 0 0 0 0 0 0 0 0 0 0
   1      14 ram14 0 0 0 0 0 0 0 0 0 0 0
   1      15 ram15 0 0 0 0 0 0 0 0 0 0 0
   7       0 loop0 0 0 0 0 0 0 0 0 0 0 0
   7       1 loop1 0 0 0 0 0 0 0 0 0 0 0
   7       2 loop2 0 0 0 0 0 0 0 0 0 0 0
   7       3 loop3 0 0 0 0 0 0 0 0 0 0 0
   7       4 loop4 0 0 0 0 0 0 0 0 0 0 0
   7       5 loop5 0 0 0 0 0 0 0 0 0 0 0
   7       6 loop6 0 0 0 0 0 0 0 0 0 0 0
   7       7 loop7 0 0 0 0 0 0 0 0 0 0 0
 202       0 xvda 403363 10093 9823416 7028180 491430 495619 11065176 10229360 0 3676360 17257040
 202       1 xvda1 374940 4607 9356050 6292570 98601 194011 2340904 5690100 0 2951700 12123790
 202       2 xvda2 2119 147 18128 24540 1080 4035 40968 24340 0 5070 48880
 202       3 xvda3 26224 5339 448598 710920 391748 297573 8683304 4514920 0 827420 5226130
 202      16 xvdb 204325080 10730364 8654978142 343259374 384705263 40724286 15617344397 2443314546 7 1164758520 2787980520
 202      17 xvdb1 204324998 10730364 8654977486 343259204 384705262 40724286 15617344397 2443314546 7 1164759100 2786998740
   9       0 md0 0 0 0 0 0 0 0 0 0 0 0
 253       0 dm-0 215063993 0 8654977022 973684234 436100334 0 15617344367 519369780 7 1165279590 1493778684
 253       1 dm-1 27721 0 387490 788600 550849 0 7546984 8270710 0 622680 9059400
 253       2 dm-2 2256 0 48194 29430 61331 0 508992 355400 0 138920 384830
 253       3 dm-3 1529 0 12226 19800 78358 0 627328 681430 0 223790 701230
TS 1344561802.028347727 2012-08-09 21:23:22
   1       0 ram0 0 0 0 0 0 0 0 0 0 0 0
   1       1 ram1 0 0 0 0 0 0 0 0 0 0 0
   1       2 ram2 0 0 0 0 0 0 0 0 0 0 0
   1       3 ram3 0 0 0 0 0 0 0 0 0 0 0
   1       4 ram4 0 0 0 0 0 0 0 0 0 0 0
   1       5 ram5 0 0 0 0 0 0 0 0 0 0 0
   1       6 ram6 0 0 0 0 0 0 0 0 0 0 0
   1       7 ram7 0 0 0 0 0 0 0 0 0 0 0
   1       8 ram8 0 0 0 0 0 0 0 0 0 0 0
   1       9 ram9 0 0 0 0 0 0 0 0 0 0 0
   1      10 ram10 0 0 0 0 0 0 0 0 0 0 0
   1      11 ram11 0 0 0 0 0 0 0 0 0 0 0
   1      12 ram12 0 0 0 0 0 0 0 0 0 0 0
   1      13 ram13 0 0 0 0 0 0 0 0 0 0 0
   1      14 ram14 0 0 0 0 0 0 0 0 0 0 0
   1      15 ram15 0 0 0 0 0 0 0 0 0 0 0
   7       0 loop0 0 0 0 0 0 0 0 0 0 0 0
   7       1 loop1 0 0 0 0 0 0 0 0 0 0 0
   7       2 loop2 0 0 0 0 0 0 0 0 0 0 0
   7       3 loop3 0 0 0 0 0 0 0 0 0 0 0
   7       4 loop4 0 0 0 0 0 0 0 0 0 0 0
   7       5 loop5 0 0 0 0 0 0 0 0 0 0 0
   7       6 loop6 0 0 0 0 0 0 0 0 0 0 0
   7       7 loop7 0 0 0 0 0 0 0 0 0 0 0
 202       0 xvda 403365 10093 9823440 7028220 491432 495619 11065192 10229360 0 3676380 17257080
 202       1 xvda1 374942 4607 9356074 6292610 98601 194011 2340904 5690100 0 2951720 12123830
 202       2 xvda2 2119 147 18128 24540 1080 4035 40968 24340 0 5070 48880
 202       3 xvda3 26224 5339 448598 710920 391750 297573 8683320 4514920 0 827420 5226130
 202      16 xvdb 204325153 10730364 8654983830 343265054 384705366 40724286 15617351517 2443317716 31 1164759530 2787990030
 202      17 xvdb1 204325071 10730364 8654983174 343264884 384705365 40724286 15617351517 2443317716 31 1164760110 2787008250
   9       0 md0 0 0 0 0 0 0 0 0 0 0 0
 253       0 dm-0 215064066 0 8654982710 973689914 436100463 0 15617353535 519372950 31 1165280600 1493788194
 253       1 dm-1 27721 0 387490 788600 550851 0 7547000 8270710 0 622680 9059400
 253       2 dm-2 2256 0 48194 29430 61331 0 508992 355400 0 138920 384830
 253       3 dm-3 1529 0 12226 19800 78358 0 627328 681430 0 223790 701230
TS 1344561803.014075740 2012-08-09 21:23:23
   1       0 ram0 0 0 0 0 0 0 0 0 0 0 0
   1       1 ram1 0 0 0 0 0 0 0 0 0 0 0
   1       2 ram2 0 0 0 0 0 0 0 0 0 0 0
   1       3 ram3 0 0 0 0 0 0 0 0 0 0 0
   1       4 ram4 0 0 0 0 0 0 0 0 0 0 0
   1       5 ram5 0 0 0 0 0 0 0 0 0 0 0
   1       6 ram6 0 0 0 0 0 0 0 0 0 0 0
   1       7 ram7 0 0 0 0 0 0 0 0 0 0 0
   1       8 ram8 0 0 0 0 0 0 0 0 0 0 0
   1       9 ram9 0 0 0 0 0 0 0 0 0 0 0
   1      10 ram10 0 0 0 0 0 0 0 0 0 0 0
   1      11 ram11 0 0 0 0 0 0 0 0 0 0 0
   1      12 ram12 0 0 0 0 0 0 0 0 0 0 0
   1      13 ram13 0 0 0 0 0 0 0 0 0 0 0
   1      14 ram14 0 0 0 0 0 0 0 0 0 0 0
   1      15 ram15 0 0 0 0 0 0 0 0 0 0 0
   7       0 loop0 0 0 0 0 0 0 0 0 0 0 0
   7       1 loop1 0 0 0 0 0 0 0 0 0 0 0
   7       2 loop2 0 0 0 0 0 0 0 0 0 0 0
   7       3 loop3 0 0 0 0 0 0 0 0 0 0 0
   7       4 loop4 0 0 0 0 0 0 0 0 0 0 0
   7       5 loop5 0 0 0 0 0 0 0 0 0 0 0
   7       6 loop6 0 0 0 0 0 0 0 0 0 0 0
   7       7 loop7 0 0 0 0 0 0 0 0 0 0 0
 202       0 xvda 403365 10093 9823440 7028220 491473 495628 11068616 10229810 0 3676400 17257530
 202       1 xvda1 374942 4607 9356074 6292610 98601 194011 2340904 5690100 0 2951720 12123830
 202       2 xvda2 2119 147 18128 24540 1080 4035 40968 24340 0 5070 48880
 202       3 xvda3 26224 5339 448598 710920 391791 297582 8686744 4515370 0 827440 5226580
 202      16 xvdb 204325246 10730364 8654991534 343270424 384705738 40724433 15617375297 2443329906 106 1164760490 2788008990
 202      17 xvdb1 204325164 10730364 8654990878 343270254 384705737 40724433 15617375297 2443329906 106 1164761070 2787027210
   9       0 md0 0 0 0 0 0 0 0 0 0 0 0
 253       0 dm-0 215064159 0 8654990414 973695284 436101057 0 15617382857 519388530 144 1165281560 1493811304
 253       1 dm-1 27721 0 387490 788600 550901 0 7550424 8271340 0 622700 9060030
 253       2 dm-2 2256 0 48194 29430 61331 0 508992 355400 0 138920 384830
 253       3 dm-3 1529 0 12226 19800 78358 0 627328 681430 0 223790 701230
TS 1344561804.011637237 2012-08-09 21:23:24
   1       0 ram0 0 0 0 0 0 0 0 0 0 0 0
   1       1 ram1 0 0 0 0 0 0 0 0 0 0 0
   1       2 ram2 0 0 0 0 0 0 0 0 0 0 0
   1       3 ram3 0 0 0 0 0 0 0 0 0 0 0
   1       4 ram4 0 0 0 0 0 0 0 0 0 0 0
   1       5 ram5 0 0 0 0 0 0 0 0 0 0 0
   1       6 ram6 0 0 0 0 0 0 0 0 0 0 0
   1       7 ram7 0 0 0 0 0 0 0 0 0 0 0
   1       8 ram8 0 0 0 0 0 0 0 0 0 0 0
   1       9 ram9 0 0 0 0 0 0 0 0 0 0 0
   1      10 ram10 0 0 0 0 0 0 0 0 0 0 0
   1      11 ram11 0 0 0 0 0 0 0 0 0 0 0
   1      12 ram12 0 0 0 0 0 0 0 0 0 0 0
   1      13 ram13 0 0 0 0 0 0 0 0 0 0 0
   1      14 ram14 0 0 0 0 0 0 0 0 0 0 0
   1      15 ram15 0 0 0 0 0 0 0 0 0 0 0
   7       0 loop0 0 0 0 0 0 0 0 0 0 0 0
   7       1 loop1 0 0 0 0 0 0 0 0 0 0 0
   7       2 loop2 0 0 0 0 0 0 0 0 0 0 0
   7       3 loop3 0 0 0 0 0 0 0 0 0 0 0
   7       4 loop4 0 0 0 0 0 0 0 0 0 0 0
   7       5 loop5 0 0 0 0 0 0 0 0 0 0 0
   7       6 loop6 0 0 0 0 0 0 0 0 0 0 0
   7       7 loop7 0 0 0 0 0 0 0 0 0 0 0
 202       0 xvda 403365 10093 9823440 7028220 491474 495628 11068624 10229820 0 3676410 17257540
 202       1 xvda1 374942 4607 9356074 6292610 98601 194011 2340904 5690100 0 2951720 12123830
 202       2 xvda2 2119 147 18128 24540 1080 4035 40968 24340 0 5070 48880
 202       3 xvda3 26224 5339 448598 710920 391792 297582 8686752 4515380 0 827450 5226590
 202      16 xvdb 204325518 10730367 8655013534 343274524 384706395 40724583 15617410541 2443345506 2 1164761370 2788026630
 202      17 xvdb1 204325436 10730367 8655012878 343274354 384706394 40724583 15617410541 2443345506 2 1164761950 2787044850
   9       0 md0 0 0 0 0 0 0 0 0 0 0 0
 253       0 dm-0 215064428 0 8655011902 973699454 436101789 0 15617410525 519408390 2 1165282440 1493832514
 253       1 dm-1 27721 0 387490 788600 550902 0 7550432 8271350 0 622710 9060040
 253       2 dm-2 2256 0 48194 29430 61331 0 508992 355400 0 138920 384830
 253       3 dm-3 1529 0 12226 19800 78358 0 627328 681430 0 223790 701230
TS 1344561805.021902462 2012-08-09 21:23:25
   1       0 ram0 0 0 0 0 0 0 0 0 0 0 0
   1       1 ram1 0 0 0 0 0 0 0 0 0 0 0
   1       2 ram2 0 0 0 0 0 0 0 0 0 0 0
   1       3 ram3 0 0 0 0 0 0 0 0 0 0 0
   1       4 ram4 0 0 0 0 0 0 0 0 0 0 0
   1       5 ram5 0 0 0 0 0 0 0 0 0 0 0
   1       6 ram6 0 0 0 0 0 0 0 0 0 0 0
   1       7 ram7 0 0 0 0 0 0 0 0 0 0 0
   1       8 ram8 0 0 0 0 0 0 0 0 0 0 0
   1       9 ram9 0 0 0 0 0 0 0 0 0 0 0
   1      10 ram10 0 0 0 0 0 0 0 0 0 0 0
   1      11 ram11 0 0 0 0 0 0 0 0 0 0 0
   1      12 ram12 0 0 0 0 0 0 0 0 0 0 0
   1      13 ram13 0 0 0 0 0 0 0 0 0 0 0
   1      14 ram14 0 0 0 0 0 0 0 0 0 0 0
   1      15 ram15 0 0 0 0 0 0 0 0 0 0 0
   7       0 loop0 0 0 0 0 0 0 0 0 0 0 0
   7       1 loop1 0 0 0 0 0 0 0 0 0 0 0
   7       2 loop2 0 0 0 0 0 0 0 0 0 0 0
   7       3 loop3 0 0 0 0 0 0 0 0 0 0 0
   7       4 loop4 0 0 0 0 0 0 0 0 0 0 0
   7       5 loop5 0 0 0 0 0 0 0 0 0 0 0
   7       6 loop6 0 0 0 0 0 0 0 0 0 0 0
   7       7 loop7 0 0 0 0 0 0 0 0 0 0 0
 202       0 xvda 403365 10093 9823440 7028220 491475 495628 11068632 10229820 1 3676420 17257550
 202       1 xvda1 374942 4607 9356074 6292610 98601 194011 2340904 5690100 0 2951720 12123830
 202       2 xvda2 2119 147 18128 24540 1080 4035 40968 24340 0 5070 48880
 202       3 xvda3 26224 5339 448598 710920 391793 297582 8686760 4515380 1 827460 5226600
 202      16 xvdb 204325693 10730367 8655027510 343276514 384706613 40724604 15617416319 2443346826 7 1164762140 2788031750
 202      17 xvdb1 204325611 10730367 8655026854 343276344 384706612 40724604 15617416319 2443346826 7 1164762720 2787049970
   9       0 md0 0 0 0 0 0 0 0 0 0 0 0
 253       0 dm-0 215064609 0 8655026390 973701444 436102048 0 15617416295 519410050 7 1165283210 1493837974
 253       1 dm-1 27721 0 387490 788600 550904 0 7550448 8271350 1 622720 9060050
 253       2 dm-2 2256 0 48194 29430 61331 0 508992 355400 0 138920 384830
 253       3 dm-3 1529 0 12226 19800 78358 0 627328 681430 0 223790 701230
TS 1344561806.011095069 2012-08-09 21:23:26
   1       0 ram0 0 0 0 0 0 0 0 0 0 0 0
   1       1 ram1 0 0 0 0 0 0 0 0 0 0 0
   1       2 ram2 0 0 0 0 0 0 0 0 0 0 0
   1       3 ram3 0 0 0 0 0 0 0 0 0 0 0
   1       4 ram4 0 0 0 0 0 0 0 0 0 0 0
   1       5 ram5 0 0 0 0 0 0 0 0 0 0 0
   1       6 ram6 0 0 0 0 0 0 0 0 0 0 0
   1       7 ram7 0 0 0 0 0 0 0 0 0 0 0
   1       8 ram8 0 0 0 0 0 0 0 0 0 0 0
   1       9 ram9 0 0 0 0 0 0 0 0 0 0 0
   1      10 ram10 0 0 0 0 0 0 0 0 0 0 0
   1      11 ram11 0 0 0 0 0 0 0 0 0 0 0
   1      12 ram12 0 0 0 0 0 0 0 0 0 0 0
   1      13 ram13 0 0 0 0 0 0 0 0 0 0 0
   1      14 ram14 0 0 0 0 0 0 0 0 0 0 0
   1      15 ram15 0 0 0 0 0 0 0 0 0 0 0
   7       0 loop0 0 0 0 0 0 0 0 0 0 0 0
   7       1 loop1 0 0 0 0 0 0 0 0 0 0 0
   7       2 loop2 0 0 0 0 0 0 0 0 0 0 0
   7       3 loop3 0 0 0 0 0 0 0 0 0 0 0
   7       4 loop4 0 0 0 0 0 0 0 0 0 0 0
   7       5 loop5 0 0 0 0 0 0 0 0 0 0 0
   7       6 loop6 0 0 0 0 0 0 0 0 0 0 0
   7       7 loop7 0 0 0 0 0 0 0 0 0 0 0
 202       0 xvda 403365 10093 9823440 7028220 491477 495628 11068648 10230060 0 3676650 17257780
 202       1 xvda1 374942 4607 9356074 6292610 98601 194011 2340904 5690100 0 2951720 12123830
 202       2 xvda2 2119 147 18128 24540 1080 4035 40968 24340 0 5070 48880
 202       3 xvda3 26224 5339 448598 710920 391795 297582 8686776 4515620 0 827690 5226830
 202      16 xvdb 204325921 10730367 8655046550 343282364 384706887 40724604 15617427232 2443351076 1 1164763010 2788040040
 202      17 xvdb1 204325839 10730367 8655045894 343282194 384706886 40724604 15617427232 2443351076 1 1164763590 2787058260
   9       0 md0 0 0 0 0 0 0 0 0 0 0 0
 253       0 dm-0 215064831 0 8655044918 973707294 436102341 0 15617427202 519414310 1 1165284090 1493846274
 253       1 dm-1 27721 0 387490 788600 550905 0 7550456 8271590 0 622950 9060280
 253       2 dm-2 2256 0 48194 29430 61331 0 508992 355400 0 138920 384830
 253       3 dm-3 1529 0 12226 19800 78358 0 627328 681430 0 223790 701230
TS 1344561807.010925252 2012-08-09 21:23:27
   1       0 ram0 0 0 0 0 0 0 0 0 0 0 0
   1       1 ram1 0 0 0 0 0 0 0 0 0 0 0
   1       2 ram2 0 0 0 0 0 0 0 0 0 0 0
   1       3 ram3 0 0 0 0 0 0 0 0 0 0 0
   1       4 ram4 0 0 0 0 0 0 0 0 0 0 0
   1       5 ram5 0 0 0 0 0 0 0 0 0 0 0
   1       6 ram6 0 0 0 0 0 0 0 0 0 0 0
   1       7 ram7 0 0 0 0 0 0 0 0 0 0 0
   1       8 ram8 0 0 0 0 0 0 0 0 0 0 0
   1       9 ram9 0 0 0 0 0 0 0 0 0 0 0
   1      10 ram10 0 0 0 0 0 0 0 0 0 0 0
   1      11 ram11 0 0 0 0 0 0 0 0 0 0 0
   1      12 ram12 0 0 0 0 0 0 0 0 0 0 0
   1      13 ram13 0 0 0 0 0 0 0 0 0 0 0
   1      14 ram14 0 0 0 0 0 0 0 0 0 0 0
   1      15 ram15 0 0 0 0 0 0 0 0 0 0 0
   7       0 loop0 0 0 0 0 0 0 0 0 0 0 0
   7       1 loop1 0 0 0 0 0 0 0 0 0 0 0
   7       2 loop2 0 0 0 0 0 0 0 0 0 0 0
   7       3 loop3 0 0 0 0 0 0 0 0 0 0 0
   7       4 loop4 0 0 0 0 0 0 0 0 0 0 0
   7       5 loop5 0 0 0 0 0 0 0 0 0 0 0
   7       6 loop6 0 0 0 0 0 0 0 0 0 0 0
   7       7 loop7 0 0 0 0 0 0 0 0 0 0 0
 202       0 xvda 403365 10093 9823440 7028220 491479 495632 11068696 10230060 1 3676660 17257790
 202       1 xvda1 374942 4607 9356074 6292610 98601 194011 2340904 5690100 0 2951720 12123830
 202       2 xvda2 2119 147 18128 24540 1080 4035 40968 24340 0 5070 48880
 202       3 xvda3 26224 5339 448598 710920 391797 297586 8686824 4515620 1 827700 5226840
 202      16 xvdb 204326135 10730367 8655064550 343283384 384707368 40724620 15617434078 2443352486 7 1164763550 2788042480
 202      17 xvdb1 204326053 10730367 8655063894 343283214 384707367 40724620 15617434078 2443352486 7 1164764130 2787060700
   9       0 md0 0 0 0 0 0 0 0 0 0 0 0
 253       0 dm-0 215065051 0 8655063430 973708314 436102921 0 15617434054 519415860 7 1165284610 1493848854
 253       1 dm-1 27721 0 387490 788600 550906 0 7550464 8271590 1 622960 9060290
 253       2 dm-2 2256 0 48194 29430 61331 0 508992 355400 0 138920 384830
 253       3 dm-3 1529 0 12226 19800 78364 0 627376 681430 0 223790 701230
TS 1344561808.009685488 2012-08-09 21:23:28
   1       0 ram0 0 0 0 0 0 0 0 0 0 0 0
   1       1 ram1 0 0 0 0 0 0 0 0 0 0 0
   1       2 ram2 0 0 0 0 0 0 0 0 0 0 0
   1       3 ram3 0 0 0 0 0 0 0 0 0 0 0
   1       4 ram4 0 0 0 0 0 0 0 0 0 0 0
   1       5 ram5 0 0 0 0 0 0 0 0 0 0 0
   1       6 ram6 0 0 0 0 0 0 0 0 0 0 0
   1       7 ram7 0 0 0 0 0 0 0 0 0 0 0
   1       8 ram8 0 0 0 0 0 0 0 0 0 0 0
   1       9 ram9 0 0 0 0 0 0 0 0 0 0 0
   1      10 ram10 0 0 0 0 0 0 0 0 0 0 0
   1      11 ram11 0 0 0 0 0 0 0 0 0 0 0
   1      12 ram12 0 0 0 0 0 0 0 0 0 0 0
   1      13 ram13 0 0 0 0 0 0 0 0 0 0 0
   1      14 ram14 0 0 0 0 0 0 0 0 0 0 0
   1      15 ram15 0 0 0 0 0 0 0 0 0 0 0
   7       0 loop0 0 0 0 0 0 0 0 0 0 0 0
   7       1 loop1 0 0 0 0 0 0 0 0 0 0 0
   7       2 loop2 0 0 0 0 0 0 0 0 0 0 0
   7       3 loop3 0 0 0 0 0 0 0 0 0 0 0
   7       4 loop4 0 0 0 0 0 0 0 0 0 0 0
   7       5 loop5 0 0 0 0 0 0 0 0 0 0 0
   7       6 loop6 0 0 0 0 0 0 0 0 0 0 0
   7       7 loop7 0 0 0 0 0 0 0 0 0 0 0
 202       0 xvda 403365 10093 9823440 7028220 491484 495639 11068792 10230070 0 3676660 17257790
 202       1 xvda1 374942 4607 9356074 6292610 98601 194011 2340904 5690100 0 2951720 12123830
 202       2 xvda2 2119 147 18128 24540 1080 4035 40968 24340 0 5070 48880
 202       3 xvda3 26224 5339 448598 710920 391802 297593 8686920 4515630 0 827700 5226840
 202      16 xvdb 204326238 10730367 8655073286 343287994 384707490 40724620 15617436264 2443354866 1 1164764400 2788049460
 202      17 xvdb1 204326156 10730367 8655072630 343287824 384707489 40724620 15617436264 2443354866 1 1164764980 2787067680
   9       0 md0 0 0 0 0 0 0 0 0 0 0 0
 253       0 dm-0 215065148 0 8655071654 973712914 436103054 0 15617436240 519418240 1 1165285460 1493855824
 253       1 dm-1 27721 0 387490 788600 550917 0 7550552 8271600 0 622960 9060290
 253       2 dm-2 2256 0 48194 29430 61331 0 508992 355400 0 138920 384830
 253       3 dm-3 1529 0 12226 19800 78364 0 627376 681430 0 223790 701230
TS 1344561809.014217098 2012-08-09 21:23:29
   1       0 ram0 0 0 0 0 0 0 0 0 0 0 0
   1       1 ram1 0 0 0 0 0 0 0 0 0 0 0
   1       2 ram2 0 0 0 0 0 0 0 0 0 0 0
   1       3 ram3 0 0 0 0 0 0 0 0 0 0 0
   1       4 ram4 0 0 0 0 0 0 0 0 0 0 0
   1       5 ram5 0 0 0 0 0 0 0 0 0 0 0
   1       6 ram6 0 0 0 0 0 0 0 0 0 0 0
   1       7 ram7 0 0 0 0 0 0 0 0 0 0 0
   1       8 ram8 0 0 0 0 0 0 0 0 0 0 0
   1       9 ram9 0 0 0 0 0 0 0 0 0 0 0
   1      10 ram10 0 0 0 0 0 0 0 0 0 0 0
   1      11 ram11 0 0 0 0 0 0 0 0 0 0 0
   1      12 ram12 0 0 0 0 0 0 0 0 0 0 0
   1      13 ram13 0 0 0 0 0 0 0 0 0 0 0
   1      14 ram14 0 0 0 0 0 0 0 0 0 0 0
   1      15 ram15 0 0 0 0 0 0 0 0 0 0 0
   7       0 loop0 0 0 0 0 0 0 0 0 0 0 0
   7       1 loop1 0 0 0 0 0 0 0 0 0 0 0
   7       2 loop2 0 0 0 0 0 0 0 0 0 0 0
   7       3 loop3 0 0 0 0 0 0 0 0 0 0 0
   7       4 loop4 0 0 0 0 0 0 0 0 0 0 0
   7       5 loop5 0 0 0 0 0 0 0 0 0 0 0
   7       6 loop6 0 0 0 0 0 0 0 0 0 0 0
   7       7 loop7 0 0 0 0 0 0 0 0 0 0 0
 202       0 xvda 403365 10093 9823440 7028220 491484 495639 11068792 10230070 0 3676660 17257790
 202       1 xvda1 374942 4607 9356074 6292610 98601 194011 2340904 5690100 0 2951720 12123830
 202       2 xvda2 2119 147 18128 24540 1080 4035 40968 24340 0 5070 48880
 202       3 xvda3 26224 5339 448598 710920 391802 297593 8686920 4515630 0 827700 5226840
 202      16 xvdb 204326358 10730367 8655083526 343292834 384707662 40724643 15617440448 2443357166 0 1164765260 2788056600
 202      17 xvdb1 204326276 10730367 8655082870 343292664 384707661 40724643 15617440448 2443357166 0 1164765840 2787074820
   9       0 md0 0 0 0 0 0 0 0 0 0 0 0
 253       0 dm-0 215065268 0 8655081894 973717744 436103273 0 15617440416 519420990 0 1165286320 1493863404
 253       1 dm-1 27721 0 387490 788600 550917 0 7550552 8271600 0 622960 9060290
 253       2 dm-2 2256 0 48194 29430 61331 0 508992 355400 0 138920 384830
 253       3 dm-3 1529 0 12226 19800 78364 0 627376 681430 0 223790 701230
TS 1344561810.013508217 2012-08-09 21:23:30
   1       0 ram0 0 0 0 0 0 0 0 0 0 0 0
   1       1 ram1 0 0 0 0 0 0 0 0 0 0 0
   1       2 ram2 0 0 0 0 0 0 0 0 0 0 0
   1       3 ram3 0 0 0 0 0 0 0 0 0 0 0
   1       4 ram4 0 0 0 0 0 0 0 0 0 0 0
   1       5 ram5 0 0 0 0 0 0 0 0 0 0 0
   1       6 ram6 0 0 0 0 0 0 0 0 0 0 0
   1       7 ram7 0 0 0 0 0 0 0 0 0 0 0
   1       8 ram8 0 0 0 0 0 0 0 0 0 0 0
   1       9 ram9 0 0 0 0 0 0 0 0 0 0 0
   1      10 ram10 0 0 0 0 0 0 0 0 0 0 0
   1      11 ram11 0 0 0 0 0 0 0 0 0 0 0
   1      12 ram12 0 0 0 0 0 0 0 0 0 0 0
   1      13 ram13 0 0 0 0 0 0 0 0 0 0 0
   1      14 ram14 0 0 0 0 0 0 0 0 0 0 0
   1      15 ram15 0 0 0 0 0 0 0 0 0 0 0
   7       0 loop0 0 0 0 0 0 0 0 0 0 0 0
   7       1 loop1 0 0 0 0 0 0 0 0 0 0 0
   7       2 loop2 0 0 0 0 0 0 0 0 0 0 0
   7       3 loop3 0 0 0 0 0 0 0 0 0 0 0
   7       4 loop4 0 0 0 0 0 0 0 0 0 0 0
   7       5 loop5 0 0 0 0 0 0 0 0 0 0 0
   7       6 loop6 0 0 0 0 0 0 0 0 0 0 0
   7       7 loop7 0 0 0 0 0 0 0 0 0 0 0
 202       0 xvda 403365 10093 9823440 7028220 491485 495639 11068800 10230070 0 3676660 17257790
 202       1 xvda1 374942 4607 9356074 6292610 98601 194011 2340904 5690100 0 2951720 12123830
 202       2 xvda2 2119 147 18128 24540 1080 4035 40968 24340 0 5070 48880
 202       3 xvda3 26224 5339 448598 710920 391803 297593 8686928 4515630 0 827700 5226840
 202      16 xvdb 204326524 10730367 8655097454 343297684 384707764 40724643 15617442772 2443358216 7 1164766120 2788062560
 202      17 xvdb1 204326442 10730367 8655096798 343297514 384707763 40724643 15617442772 2443358216 7 1164766700 2787080780
   9       0 md0 0 0 0 0 0 0 0 0 0 0 0
 253       0 dm-0 215065440 0 8655096334 973722594 436103386 0 15617442748 519422040 7 1165287180 1493869364
 253       1 dm-1 27721 0 387490 788600 550918 0 7550560 8271600 0 622960 9060290
 253       2 dm-2 2256 0 48194 29430 61331 0 508992 355400 0 138920 384830
 253       3 dm-3 1529 0 12226 19800 78364 0 627376 681430 0 223790 701230
TS 1344561811.009415010 2012-08-09 21:23:31
   1       0 ram0 0 0 0 0 0 0 0 0 0 0 0
   1       1 ram1 0 0 0 0 0 0 0 0 0 0 0
   1       2 ram2 0 0 0 0 0 0 0 0 0 0 0
   1       3 ram3 0 0 0 0 0 0 0 0 0 0 0
   1       4 ram4 0 0 0 0 0 0 0 0 0 0 0
   1       5 ram5 0 0 0 0 0 0 0 0 0 0 0
   1       6 ram6 0 0 0 0 0 0 0 0 0 0 0
   1       7 ram7 0 0 0 0 0 0 0 0 0 0 0
   1       8 ram8 0 0 0 0 0 0 0 0 0 0 0
   1       9 ram9 0 0 0 0 0 0 0 0 0 0 0
   1      10 ram10 0 0 0 0 0 0 0 0 0 0 0
   1      11 ram11 0 0 0 0 0 0 0 0 0 0 0
   1      12 ram12 0 0 0 0 0 0 0 0 0 0 0
   1      13 ram13 0 0 0 0 0 0 0 0 0 0 0
   1      14 ram14 0 0 0 0 0 0 0 0 0 0 0
   1      15 ram15 0 0 0 0 0 0 0 0 0 0 0
   7       0 loop0 0 0 0 0 0 0 0 0 0 0 0
   7       1 loop1 0 0 0 0 0 0 0 0 0 0 0
   7       2 loop2 0 0 0 0 0 0 0 0 0 0 0
   7       3 loop3 0 0 0 0 0 0 0 0 0 0 0
   7       4 loop4 0 0 0 0 0 0 0 0 0 0 0
   7       5 loop5 0 0 0 0 0 0 0 0 0 0 0
   7       6 loop6 0 0 0 0 0 0 0 0 0 0 0
   7       7 loop7 0 0 0 0 0 0 0 0 0 0 0
 202       0 xvda 403365 10093 9823440 7028220 491488 495639 11068824 10230070 0 3676660 17257790
 202       1 xvda1 374942 4607 9356074 6292610 98601 194011 2340904 5690100 0 2951720 12123830
 202       2 xvda2 2119 147 18128 24540 1080 4035 40968 24340 0 5070 48880
 202       3 xvda3 26224 5339 448598 710920 391806 297593 8686952 4515630 0 827700 5226840
 202      16 xvdb 204326773 10730367 8655118542 343299514 384708142 40724676 15617450445 2443359566 0 1164766560 2788065680
 202      17 xvdb1 204326691 10730367 8655117886 343299344 384708141 40724676 15617450445 2443359566 0 1164767140 2787083900
   9       0 md0 0 0 0 0 0 0 0 0 0 0 0
 253       0 dm-0 215065683 0 8655116910 973724424 436103839 0 15617450413 519423850 0 1165287620 1493872944
 253       1 dm-1 27721 0 387490 788600 550920 0 7550576 8271600 0 622960 9060290
 253       2 dm-2 2256 0 48194 29430 61331 0 508992 355400 0 138920 384830
 253       3 dm-3 1529 0 12226 19800 78365 0 627384 681430 0 223790 701230
TS 1344561812.010783107 2012-08-09 21:23:32
   1       0 ram0 0 0 0 0 0 0 0 0 0 0 0
   1       1 ram1 0 0 0 0 0 0 0 0 0 0 0
   1       2 ram2 0 0 0 0 0 0 0 0 0 0 0
   1       3 ram3 0 0 0 0 0 0 0 0 0 0 0
   1       4 ram4 0 0 0 0 0 0 0 0 0 0 0
   1       5 ram5 0 0 0 0 0 0 0 0 0 0 0
   1       6 ram6 0 0 0 0 0 0 0 0 0 0 0
   1       7 ram7 0 0 0 0 0 0 0 0 0 0 0
   1       8 ram8 0 0 0 0 0 0 0 0 0 0 0
   1       9 ram9 0 0 0 0 0 0 0 0 0 0 0
   1      10 ram10 0 0 0 0 0 0 0 0 0 0 0
   1      11 ram11 0 0 0 0 0 0 0 0 0 0 0
   1      12 ram12 0 0 0 0 0 0 0 0 0 0 0
   1      13 ram13 0 0 0 0 0 0 0 0 0 0 0
   1      14 ram14 0 0 0 0 0 0 0 0 0 0 0
   1      15 ram15 0 0 0 0 0 0 0 0 0 0 0
   7       0 loop0 0 0 0 0 0 0 0 0 0 0 0
   7       1 loop1 0 0 0 0 0 0 0 0 0 0 0
   7       2 loop2 0 0 0 0 0 0 0 0 0 0 0
   7       3 loop3 0 0 0 0 0 0 0 0 0 0 0
   7       4 loop4 0 0 0 0 0 0 0 0 0 0 0
   7       5 loop5 0 0 0 0 0 0 0 0 0 0 0
   7       6 loop6 0 0 0 0 0 0 0 0 0 0 0
   7       7 loop7 0 0 0 0 0 0 0 0 0 0 0
 202       0 xvda 403365 10093 9823440 7028220 491489 495639 11068832 10230070 0 3676660 17257790
 202       1 xvda1 374942 4607 9356074 6292610 98601 194011 2340904 5690100 0 2951720 12123830
 202       2 xvda2 2119 147 18128 24540 1080 4035 40968 24340 0 5070 48880
 202       3 xvda3 26224 5339 448598 710920 391807 297593 8686960 4515630 0 827700 5226840
 202      16 xvdb 204327008 10730367 8655137582 343302034 384708598 40724696 15617458845 2443361636 0 1164767250 2788070270
 202      17 xvdb1 204326926 10730367 8655136926 343301864 384708597 40724696 15617458845 2443361636 0 1164767830 2787088490
   9       0 md0 0 0 0 0 0 0 0 0 0 0 0
 253       0 dm-0 215065918 0 8655135950 973726944 436104399 0 15617458813 519426070 0 1165288310 1493877684
 253       1 dm-1 27721 0 387490 788600 550921 0 7550584 8271600 0 622960 9060290
 253       2 dm-2 2256 0 48194 29430 61331 0 508992 355400 0 138920 384830
 253       3 dm-3 1529 0 12226 19800 78365 0 627384 681430 0 223790 701230
TS 1344561813.015118572 2012-08-09 21:23:33
   1       0 ram0 0 0 0 0 0 0 0 0 0 0 0
   1       1 ram1 0 0 0 0 0 0 0 0 0 0 0
   1       2 ram2 0 0 0 0 0 0 0 0 0 0 0
   1       3 ram3 0 0 0 0 0 0 0 0 0 0 0
   1       4 ram4 0 0 0 0 0 0 0 0 0 0 0
   1       5 ram5 0 0 0 0 0 0 0 0 0 0 0
   1       6 ram6 0 0 0 0 0 0 0 0 0 0 0
   1       7 ram7 0 0 0 0 0 0 0 0 0 0 0
   1       8 ram8 0 0 0 0 0 0 0 0 0 0 0
   1       9 ram9 0 0 0 0 0 0 0 0 0 0 0
   1      10 ram10 0 0 0 0 0 0 0 0 0 0 0
   1      11 ram11 0 0 0 0 0 0 0 0 0 0 0
   1      12 ram12 0 0 0 0 0 0 0 0 0 0 0
   1      13 ram13 0 0 0 0 0 0 0 0 0 0 0
   1      14 ram14 0 0 0 0 0 0 0 0 0 0 0
   1      15 ram15 0 0 0 0 0 0 0 0 0 0 0
   7       0 loop0 0 0 0 0 0 0 0 0 0 0 0
   7       1 loop1 0 0 0 0 0 0 0 0 0 0 0
   7       2 loop2 0 0 0 0 0 0 0 0 0 0 0
   7       3 loop3 0 0 0 0 0 0 0 0 0 0 0
   7       4 loop4 0 0 0 0 0 0 0 0 0 0 0
   7       5 loop5 0 0 0 0 0 0 0 0 0 0 0
   7       6 loop6 0 0 0 0 0 0 0 0 0 0 0
   7       7 loop7 0 0 0 0 0 0 0 0 0 0 0
 202       0 xvda 403365 10093 9823440 7028220 491492 495647 11068920 10230070 0 3676660 17257790
 202       1 xvda1 374942 4607 9356074 6292610 98601 194011 2340904 5690100 0 2951720 12123830
 202       2 xvda2 2119 147 18128 24540 1080 4035 40968 24340 0 5070 48880
 202       3 xvda3 26224 5339 448598 710920 391810 297601 8687048 4515630 0 827700 5226840
 202      16 xvdb 204327226 10730367 8655156078 343303874 384708817 40724723 15617464972 2443362616 0 1164767710 2788073090
 202      17 xvdb1 204327144 10730367 8655155422 343303704 384708816 40724723 15617464972 2443362616 0 1164768290 2787091310
   9       0 md0 0 0 0 0 0 0 0 0 0 0 0
 253       0 dm-0 215066136 0 8655154446 973728784 436104668 0 15617464940 519427200 0 1165288770 1493880654
 253       1 dm-1 27721 0 387490 788600 550932 0 7550672 8271600 0 622960 9060290
 253       2 dm-2 2256 0 48194 29430 61331 0 508992 355400 0 138920 384830
 253       3 dm-3 1529 0 12226 19800 78365 0 627384 681430 0 223790 701230
TS 1344561814.012405171 2012-08-09 21:23:34
   1       0 ram0 0 0 0 0 0 0 0 0 0 0 0
   1       1 ram1 0 0 0 0 0 0 0 0 0 0 0
   1       2 ram2 0 0 0 0 0 0 0 0 0 0 0
   1       3 ram3 0 0 0 0 0 0 0 0 0 0 0
   1       4 ram4 0 0 0 0 0 0 0 0 0 0 0
   1       5 ram5 0 0 0 0 0 0 0 0 0 0 0
   1       6 ram6 0 0 0 0 0 0 0 0 0 0 0
   1       7 ram7 0 0 0 0 0 0 0 0 0 0 0
   1       8 ram8 0 0 0 0 0 0 0 0 0 0 0
   1       9 ram9 0 0 0 0 0 0 0 0 0 0 0
   1      10 ram10 0 0 0 0 0 0 0 0 0 0 0
   1      11 ram11 0 0 0 0 0 0 0 0 0 0 0
   1      12 ram12 0 0 0 0 0 0 0 0 0 0 0
   1      13 ram13 0 0 0 0 0 0 0 0 0 0 0
   1      14 ram14 0 0 0 0 0 0 0 0 0 0 0
   1      15 ram15 0 0 0 0 0 0 0 0 0 0 0
   7       0 loop0 0 0 0 0 0 0 0 0 0 0 0
   7       1 loop1 0 0 0 0 0 0 0 0 0 0 0
   7       2 loop2 0 0 0 0 0 0 0 0 0 0 0
   7       3 loop3 0 0 0 0 0 0 0 0 0 0 0
   7       4 loop4 0 0 0 0 0 0 0 0 0 0 0
   7       5 loop5 0 0 0 0 0 0 0 0 0 0 0
   7       6 loop6 0 0 0 0 0 0 0 0 0 0 0
   7       7 loop7 0 0 0 0 0 0 0 0 0 0 0
 202       0 xvda 403365 10093 9823440 7028220 491493 495647 11068928 10230070 0 3676660 17257790
 202       1 xvda1 374942 4607 9356074 6292610 98601 194011 2340904 5690100 0 2951720 12123830
 202       2 xvda2 2119 147 18128 24540 1080 4035 40968 24340 0 5070 48880
 202       3 xvda3 26224 5339 448598 710920 391811 297601 8687056 4515630 0 827700 5226840
 202      16 xvdb 204327300 10730367 8655162286 343307504 384708981 40724723 15617466830 2443368626 35 1164768480 2788092780
 202      17 xvdb1 204327218 10730367 8655161630 343307334 384708980 40724723 15617466830 2443368626 35 1164769060 2787111000
   9       0 md0 0 0 0 0 0 0 0 0 0 0 0
 253       0 dm-0 215066216 0 8655161166 973732404 436104902 0 15617469158 519433210 35 1165289540 1493900334
 253       1 dm-1 27721 0 387490 788600 550933 0 7550680 8271600 0 622960 9060290
 253       2 dm-2 2256 0 48194 29430 61331 0 508992 355400 0 138920 384830
 253       3 dm-3 1529 0 12226 19800 78365 0 627384 681430 0 223790 701230
TS 1344561815.012313124 2012-08-09 21:23:35
   1       0 ram0 0 0 0 0 0 0 0 0 0 0 0
   1       1 ram1 0 0 0 0 0 0 0 0 0 0 0
   1       2 ram2 0 0 0 0 0 0 0 0 0 0 0
   1       3 ram3 0 0 0 0 0 0 0 0 0 0 0
   1       4 ram4 0 0 0 0 0 0 0 0 0 0 0
   1       5 ram5 0 0 0 0 0 0 0 0 0 0 0
   1       6 ram6 0 0 0 0 0 0 0 0 0 0 0
   1       7 ram7 0 0 0 0 0 0 0 0 0 0 0
   1       8 ram8 0 0 0 0 0 0 0 0 0 0 0
   1       9 ram9 0 0 0 0 0 0 0 0 0 0 0
   1      10 ram10 0 0 0 0 0 0 0 0 0 0 0
   1      11 ram11 0 0 0 0 0 0 0 0 0 0 0
   1      12 ram12 0 0 0 0 0 0 0 0 0 0 0
   1      13 ram13 0 0 0 0 0 0 0 0 0 0 0
   1      14 ram14 0 0 0 0 0 0 0 0 0 0 0
   1      15 ram15 0 0 0 0 0 0 0 0 0 0 0
   7       0 loop0 0 0 0 0 0 0 0 0 0 0 0
   7       1 loop1 0 0 0 0 0 0 0 0 0 0 0
   7       2 loop2 0 0 0 0 0 0 0 0 0 0 0
   7       3 loop3 0 0 0 0 0 0 0 0 0 0 0
   7       4 loop4 0 0 0 0 0 0 0 0 0 0 0
   7       5 loop5 0 0 0 0 0 0 0 0 0 0 0
   7       6 loop6 0 0 0 0 0 0 0 0 0 0 0
   7       7 loop7 0 0 0 0 0 0 0 0 0 0 0
 202       0 xvda 403365 10093 9823440 7028220 491494 495647 11068936 10230070 0 3676660 17257790
 202       1 xvda1 374942 4607 9356074 6292610 98601 194011 2340904 5690100 0 2951720 12123830
 202       2 xvda2 2119 147 18128 24540 1080 4035 40968 24340 0 5070 48880
 202       3 xvda3 26224 5339 448598 710920 391812 297601 8687064 4515630 0 827700 5226840
 202      16 xvdb 204327414 10730367 8655171374 343313494 384709224 40724735 15617478338 2443385806 11 1164769410 2788106050
 202      17 xvdb1 204327332 10730367 8655170718 343313324 384709223 40724735 15617478338 2443385806 11 1164769990 2787124270
   9       0 md0 0 0 0 0 0 0 0 0 0 0 0
 253       0 dm-0 215066330 0 8655170254 973738394 436105146 0 15617478341 519450580 12 1165290470 1493913814
 253       1 dm-1 27721 0 387490 788600 550934 0 7550688 8271600 0 622960 9060290
 253       2 dm-2 2256 0 48194 29430 61331 0 508992 355400 0 138920 384830
 253       3 dm-3 1529 0 12226 19800 78365 0 627384 681430 0 223790 701230
TS 1344561816.009895755 2012-08-09 21:23:36
   1       0 ram0 0 0 0 0 0 0 0 0 0 0 0
   1       1 ram1 0 0 0 0 0 0 0 0 0 0 0
   1       2 ram2 0 0 0 0 0 0 0 0 0 0 0
   1       3 ram3 0 0 0 0 0 0 0 0 0 0 0
   1       4 ram4 0 0 0 0 0 0 0 0 0 0 0
   1       5 ram5 0 0 0 0 0 0 0 0 0 0 0
   1       6 ram6 0 0 0 0 0 0 0 0 0 0 0
   1       7 ram7 0 0 0 0 0 0 0 0 0 0 0
   1       8 ram8 0 0 0 0 0 0 0 0 0 0 0
   1       9 ram9 0 0 0 0 0 0 0 0 0 0 0
   1      10 ram10 0 0 0 0 0 0 0 0 0 0 0
   1      11 ram11 0 0 0 0 0 0 0 0 0 0 0
   1      12 ram12 0 0 0 0 0 0 0 0 0 0 0
   1      13 ram13 0 0 0 0 0 0 0 0 0 0 0
   1      14 ram14 0 0 0 0 0 0 0 0 0 0 0
   1      15 ram15 0 0 0 0 0 0 0 0 0 0 0
   7       0 loop0 0 0 0 0 0 0 0 0 0 0 0
   7       1 loop1 0 0 0 0 0 0 0 0 0 0 0
   7       2 loop2 0 0 0 0 0 0 0 0 0 0 0
   7       3 loop3 0 0 0 0 0 0 0 0 0 0 0
   7       4 loop4 0 0 0 0 0 0 0 0 0 0 0
   7       5 loop5 0 0 0 0 0 0 0 0 0 0 0
   7       6 loop6 0 0 0 0 0 0 0 0 0 0 0
   7       7 loop7 0 0 0 0 0 0 0 0 0 0 0
 202       0 xvda 403365 10093 9823440 7028220 491495 495647 11068944 10230070 0 3676660 17257790
 202       1 xvda1 374942 4607 9356074 6292610 98601 194011 2340904 5690100 0 2951720 12123830
 202       2 xvda2 2119 147 18128 24540 1080 4035 40968 24340 0 5070 48880
 202       3 xvda3 26224 5339 448598 710920 391813 297601 8687072 4515630 0 827700 5226840
 202      16 xvdb 204327639 10730367 8655190414 343315584 384709553 40724755 15617483931 2443387066 8 1164770140 2788110590
 202      17 xvdb1 204327557 10730367 8655189758 343315414 384709552 40724755 15617483931 2443387066 8 1164770720 2787128810
   9       0 md0 0 0 0 0 0 0 0 0 0 0 0
 253       0 dm-0 215066555 0 8655189294 973740494 436105547 0 15617483915 519452030 8 1165291200 1493918534
 253       1 dm-1 27721 0 387490 788600 550935 0 7550696 8271600 0 622960 9060290
 253       2 dm-2 2256 0 48194 29430 61331 0 508992 355400 0 138920 384830
 253       3 dm-3 1529 0 12226 19800 78365 0 627384 681430 0 223790 701230
TS 1344561817.010755409 2012-08-09 21:23:37
   1       0 ram0 0 0 0 0 0 0 0 0 0 0 0
   1       1 ram1 0 0 0 0 0 0 0 0 0 0 0
   1       2 ram2 0 0 0 0 0 0 0 0 0 0 0
   1       3 ram3 0 0 0 0 0 0 0 0 0 0 0
   1       4 ram4 0 0 0 0 0 0 0 0 0 0 0
   1       5 ram5 0 0 0 0 0 0 0 0 0 0 0
   1       6 ram6 0 0 0 0 0 0 0 0 0 0 0
   1       7 ram7 0 0 0 0 0 0 0 0 0 0 0
   1       8 ram8 0 0 0 0 0 0 0 0 0 0 0
   1       9 ram9 0 0 0 0 0 0 0 0 0 0 0
   1      10 ram10 0 0 0 0 0 0 0 0 0 0 0
   1      11 ram11 0 0 0 0 0 0 0 0 0 0 0
   1      12 ram12 0 0 0 0 0 0 0 0 0 0 0
   1      13 ram13 0 0 0 0 0 0 0 0 0 0 0
   1      14 ram14 0 0 0 0 0 0 0 0 0 0 0
   1      15 ram15 0 0 0 0 0 0 0 0 0 0 0
   7       0 loop0 0 0 0 0 0 0 0 0 0 0 0
   7       1 loop1 0 0 0 0 0 0 0 0 0 0 0
   7       2 loop2 0 0 0 0 0 0 0 0 0 0 0
   7       3 loop3 0 0 0 0 0 0 0 0 0 0 0
   7       4 loop4 0 0 0 0 0 0 0 0 0 0 0
   7       5 loop5 0 0 0 0 0 0 0 0 0 0 0
   7       6 loop6 0 0 0 0 0 0 0 0 0 0 0
   7       7 loop7 0 0 0 0 0 0 0 0 0 0 0
 202       0 xvda 403365 10093 9823440 7028220 491498 495651 11069000 10230070 0 3676660 17257790
 202       1 xvda1 374942 4607 9356074 6292610 98601 194011 2340904 5690100 0 2951720 12123830
 202       2 xvda2 2119 147 18128 24540 1080 4035 40968 24340 0 5070 48880
 202       3 xvda3 26224 5339 448598 710920 391816 297605 8687128 4515630 0 827700 5226840
 202      16 xvdb 204327867 10730367 8655209870 343319364 384709715 40724760 15617488637 2443388156 0 1164770670 2788114120
 202      17 xvdb1 204327785 10730367 8655209214 343319194 384709714 40724760 15617488637 2443388156 0 1164771250 2787132340
   9       0 md0 0 0 0 0 0 0 0 0 0 0 0
 253       0 dm-0 215066777 0 8655208238 973744274 436105723 0 15617488605 519453120 0 1165291730 1493922064
 253       1 dm-1 27721 0 387490 788600 550936 0 7550704 8271600 0 622960 9060290
 253       2 dm-2 2256 0 48194 29430 61331 0 508992 355400 0 138920 384830
 253       3 dm-3 1529 0 12226 19800 78371 0 627432 681430 0 223790 701230
TS 1344561818.013399651 2012-08-09 21:23:38
   1       0 ram0 0 0 0 0 0 0 0 0 0 0 0
   1       1 ram1 0 0 0 0 0 0 0 0 0 0 0
   1       2 ram2 0 0 0 0 0 0 0 0 0 0 0
   1       3 ram3 0 0 0 0 0 0 0 0 0 0 0
   1       4 ram4 0 0 0 0 0 0 0 0 0 0 0
   1       5 ram5 0 0 0 0 0 0 0 0 0 0 0
   1       6 ram6 0 0 0 0 0 0 0 0 0 0 0
   1       7 ram7 0 0 0 0 0 0 0 0 0 0 0
   1       8 ram8 0 0 0 0 0 0 0 0 0 0 0
   1       9 ram9 0 0 0 0 0 0 0 0 0 0 0
   1      10 ram10 0 0 0 0 0 0 0 0 0 0 0
   1      11 ram11 0 0 0 0 0 0 0 0 0 0 0
   1      12 ram12 0 0 0 0 0 0 0 0 0 0 0
   1      13 ram13 0 0 0 0 0 0 0 0 0 0 0
   1      14 ram14 0 0 0 0 0 0 0 0 0 0 0
   1      15 ram15 0 0 0 0 0 0 0 0 0 0 0
   7       0 loop0 0 0 0 0 0 0 0 0 0 0 0
   7       1 loop1 0 0 0 0 0 0 0 0 0 0 0
   7       2 loop2 0 0 0 0 0 0 0 0 0 0 0
   7       3 loop3 0 0 0 0 0 0 0 0 0 0 0
   7       4 loop4 0 0 0 0 0 0 0 0 0 0 0
   7       5 loop5 0 0 0 0 0 0 0 0 0 0 0
   7       6 loop6 0 0 0 0 0 0 0 0 0 0 0
   7       7 loop7 0 0 0 0 0 0 0 0 0 0 0
 202       0 xvda 403365 10093 9823440 7028220 491501 495651 11069120 10230070 0 3676660 17257790
 202       1 xvda1 374942 4607 9356074 6292610 98601 194011 2340904 5690100 0 2951720 12123830
 202       2 xvda2 2119 147 18128 24540 1080 4035 40968 24340 0 5070 48880
 202       3 xvda3 26224 5339 448598 710920 391819 297605 8687248 4515630 0 827700 5226840
 202      16 xvdb 204328025 10730367 8655223302 343321554 384709841 40724761 15617491843 2443389196 8 1164771310 2788118120
 202      17 xvdb1 204327943 10730367 8655222646 343321384 384709840 40724761 15617491843 2443389196 7 1164771860 2787136100
   9       0 md0 0 0 0 0 0 0 0 0 0 0 0
 253       0 dm-0 215066940 0 8655222094 973746464 436105863 0 15617491845 519454160 8 1165292340 1493925924
 253       1 dm-1 27721 0 387490 788600 550939 0 7550824 8271600 0 622960 9060290
 253       2 dm-2 2256 0 48194 29430 61331 0 508992 355400 0 138920 384830
 253       3 dm-3 1529 0 12226 19800 78371 0 627432 681430 0 223790 701230
TS 1344561819.012016528 2012-08-09 21:23:39
   1       0 ram0 0 0 0 0 0 0 0 0 0 0 0
   1       1 ram1 0 0 0 0 0 0 0 0 0 0 0
   1       2 ram2 0 0 0 0 0 0 0 0 0 0 0
   1       3 ram3 0 0 0 0 0 0 0 0 0 0 0
   1       4 ram4 0 0 0 0 0 0 0 0 0 0 0
   1       5 ram5 0 0 0 0 0 0 0 0 0 0 0
   1       6 ram6 0 0 0 0 0 0 0 0 0 0 0
   1       7 ram7 0 0 0 0 0 0 0 0 0 0 0
   1       8 ram8 0 0 0 0 0 0 0 0 0 0 0
   1       9 ram9 0 0 0 0 0 0 0 0 0 0 0
   1      10 ram10 0 0 0 0 0 0 0 0 0 0 0
   1      11 ram11 0 0 0 0 0 0 0 0 0 0 0
   1      12 ram12 0 0 0 0 0 0 0 0 0 0 0
   1      13 ram13 0 0 0 0 0 0 0 0 0 0 0
   1      14 ram14 0 0 0 0 0 0 0 0 0 0 0
   1      15 ram15 0 0 0 0 0 0 0 0 0 0 0
   7       0 loop0 0 0 0 0 0 0 0 0 0 0 0
   7       1 loop1 0 0 0 0 0 0 0 0 0 0 0
   7       2 loop2 0 0 0 0 0 0 0 0 0 0 0
   7       3 loop3 0 0 0 0 0 0 0 0 0 0 0
   7       4 loop4 0 0 0 0 0 0 0 0 0 0 0
   7       5 loop5 0 0 0 0 0 0 0 0 0 0 0
   7       6 loop6 0 0 0 0 0 0 0 0 0 0 0
   7       7 loop7 0 0 0 0 0 0 0 0 0 0 0
 202       0 xvda 403365 10093 9823440 7028220 491504 495661 11069224 10230070 0 3676660 17257790
 202       1 xvda1 374942 4607 9356074 6292610 98601 194011 2340904 5690100 0 2951720 12123830
 202       2 xvda2 2119 147 18128 24540 1080 4035 40968 24340 0 5070 48880
 202       3 xvda3 26224 5339 448598 710920 391822 297615 8687352 4515630 0 827700 5226840
 202      16 xvdb 204328254 10730367 8655242734 343325754 384710125 40724809 15617500899 2443393806 0 1164772220 2788126400
 202      17 xvdb1 204328172 10730367 8655242078 343325584 384710124 40724809 15617500899 2443393806 0 1164772770 2787144380
   9       0 md0 0 0 0 0 0 0 0 0 0 0 0
 253       0 dm-0 215067164 0 8655241102 973750664 436106213 0 15617500867 519460610 0 1165293250 1493935944
 253       1 dm-1 27721 0 387490 788600 550952 0 7550928 8271600 0 622960 9060290
 253       2 dm-2 2256 0 48194 29430 61331 0 508992 355400 0 138920 384830
 253       3 dm-3 1529 0 12226 19800 78371 0 627432 681430 0 223790 701230
