1    0 ram0 0 0 0 0 0 0 0 0 0 0 0
104    0 cciss/c0d0 2139885 162788 37361471 8034486 17999682 83425310 811400340 12711047 0 6869437 20744582
104    1 cciss/c0d0p1 1421 3292 10354 3681 351 270 1244 796 0 4271 4477
104    2 cciss/c0d0p2 2138455 159477 37350893 8030772 17999331 83425040 811399096 12710251 0 6866885 20740511
104   16 cciss/c0d1 1172444169 44249324 49905804480 3910112166 3461426338 29008876 138140456491 445486927 19 164987623 60581634
105    0 cciss/c1d0 73924 269836 2753177 412500 2420473 19748 321780475 6652131 0 514459 7064611
253    0 dm-0 257136 0 3846266 2153516 5512224 0 44097792 3486922 0 1438723 5640971
9    0 md0 0 0 0 0 0 0 0 0 0 0 0
TS 1281367519
1    0 ram0 0 0 0 0 0 0 0 0 0 0 0
104    0 cciss/c0d0 2139885 162788 37361471 8034486 17999728 83425570 811402788 12711087 0 6869439 20744622
104    1 cciss/c0d0p1 1421 3292 10354 3681 351 270 1244 796 0 4271 4477
104    2 cciss/c0d0p2 2138455 159477 37350893 8030772 17999377 83425300 811401544 12710291 0 6866887 20740551
104   16 cciss/c0d1 1172445102 44249324 49905846120 3910134507 3461428308 29008877 138140550075 445487158 18 164989469 60604229
105    0 cciss/c1d0 73924 269836 2753177 412500 2420473 19748 321780475 6652131 0 514459 7064611
253    0 dm-0 257136 0 3846266 2153516 5512530 0 44100240 3487167 0 1438725 5641216
9    0 md0 0 0 0 0 0 0 0 0 0 0 0
TS 1281367521
1    0 ram0 0 0 0 0 0 0 0 0 0 0 0
104    0 cciss/c0d0 2139885 162788 37361471 8034486 17999760 83425680 811403924 12711100 0 6869440 20744635
104    1 cciss/c0d0p1 1421 3292 10354 3681 351 270 1244 796 0 4271 4477
104    2 cciss/c0d0p2 2138455 159477 37350893 8030772 17999409 83425410 811402680 12710304 0 6866888 20740564
104   16 cciss/c0d1 1172445848 44249325 49905881344 3910154917 3461429428 29008878 138140601807 445487273 17 164991287 60624777
105    0 cciss/c1d0 73924 269836 2753177 412500 2420473 19748 321780475 6652131 0 514459 7064611
253    0 dm-0 257136 0 3846266 2153516 5512530 0 44100240 3487167 0 1438725 5641216
9    0 md0 0 0 0 0 0 0 0 0 0 0 0
TS 1281367523
1    0 ram0 0 0 0 0 0 0 0 0 0 0 0
104    0 cciss/c0d0 2139885 162788 37361471 8034486 17999764 83425707 811404172 12711100 0 6869440 20744635
104    1 cciss/c0d0p1 1421 3292 10354 3681 351 270 1244 796 0 4271 4477
104    2 cciss/c0d0p2 2138455 159477 37350893 8030772 17999413 83425437 811402928 12710304 0 6866888 20740564
104   16 cciss/c0d1 1172446696 44249328 49905917496 3910176524 3461431407 29008878 138140700196 445487503 9 164993065 60646578
105    0 cciss/c1d0 73924 269836 2753177 412500 2420473 19748 321780475 6652131 0 514459 7064611
253    0 dm-0 257136 0 3846266 2153516 5512530 0 44100240 3487167 0 1438725 5641216
9    0 md0 0 0 0 0 0 0 0 0 0 0 0
TS 1281367524
1    0 ram0 0 0 0 0 0 0 0 0 0 0 0
104    0 cciss/c0d0 2139885 162788 37361471 8034486 17999806 83426057 811407308 12711120 0 6869442 20744655
104    1 cciss/c0d0p1 1421 3292 10354 3681 351 270 1244 796 0 4271 4477
104    2 cciss/c0d0p2 2138455 159477 37350893 8030772 17999455 83425787 811406064 12710324 0 6866890 20740584
104   16 cciss/c0d1 1172447376 44249329 49905942352 3910192741 3461433233 29008880 138140790476 445487714 5 164994787 60662861
105    0 cciss/c1d0 73924 269836 2753177 412500 2420473 19748 321780475 6652131 0 514459 7064611
253    0 dm-0 257136 0 3846266 2153516 5512919 0 44103352 3487398 0 1438727 5641447
9    0 md0 0 0 0 0 0 0 0 0 0 0 0
TS 1281367526
