   1    0 ram0 0 0 0 0 0 0 0 0 0 0 0
   1    1 ram1 0 0 0 0 0 0 0 0 0 0 0
   1    2 ram2 0 0 0 0 0 0 0 0 0 0 0
   1    3 ram3 0 0 0 0 0 0 0 0 0 0 0
   1    4 ram4 0 0 0 0 0 0 0 0 0 0 0
   1    5 ram5 0 0 0 0 0 0 0 0 0 0 0
   1    6 ram6 0 0 0 0 0 0 0 0 0 0 0
   1    7 ram7 0 0 0 0 0 0 0 0 0 0 0
   1    8 ram8 0 0 0 0 0 0 0 0 0 0 0
   1    9 ram9 0 0 0 0 0 0 0 0 0 0 0
   1   10 ram10 0 0 0 0 0 0 0 0 0 0 0
   1   11 ram11 0 0 0 0 0 0 0 0 0 0 0
   1   12 ram12 0 0 0 0 0 0 0 0 0 0 0
   1   13 ram13 0 0 0 0 0 0 0 0 0 0 0
   1   14 ram14 0 0 0 0 0 0 0 0 0 0 0
   1   15 ram15 0 0 0 0 0 0 0 0 0 0 0
   8    0 sda 4257316122 34044403 136169417272 1922644540 492348406 547079657 32764474436 248191897 0 1348340872 2169628880
   8    1 sda1 118 892 2030 39 2 0 4 1 0 32 40
   8    2 sda2 28 156 1472 12 8 40 384 15 0 27 27
   8    3 sda3 4257315954 34043324 136169413346 1922644483 492348396 547079617 32764474048 248191881 0 1348454960 2169768832
  11    0 sr0 0 0 0 0 0 0 0 0 0 0 0
   9    0 md0 0 0 0 0 0 0 0 0 0 0 0
   7    0 loop0 0 0 0 0 0 0 0 0 0 0 0
   7    1 loop1 0 0 0 0 0 0 0 0 0 0 0
   7    2 loop2 0 0 0 0 0 0 0 0 0 0 0
   7    3 loop3 0 0 0 0 0 0 0 0 0 0 0
   7    4 loop4 0 0 0 0 0 0 0 0 0 0 0
   7    5 loop5 0 0 0 0 0 0 0 0 0 0 0
   7    6 loop6 0 0 0 0 0 0 0 0 0 0 0
   7    7 loop7 0 0 0 0 0 0 0 0 0 0 0
TS 1298130003.073935000
   1    0 ram0 0 0 0 0 0 0 0 0 0 0 0
   1    1 ram1 0 0 0 0 0 0 0 0 0 0 0
   1    2 ram2 0 0 0 0 0 0 0 0 0 0 0
   1    3 ram3 0 0 0 0 0 0 0 0 0 0 0
   1    4 ram4 0 0 0 0 0 0 0 0 0 0 0
   1    5 ram5 0 0 0 0 0 0 0 0 0 0 0
   1    6 ram6 0 0 0 0 0 0 0 0 0 0 0
   1    7 ram7 0 0 0 0 0 0 0 0 0 0 0
   1    8 ram8 0 0 0 0 0 0 0 0 0 0 0
   1    9 ram9 0 0 0 0 0 0 0 0 0 0 0
   1   10 ram10 0 0 0 0 0 0 0 0 0 0 0
   1   11 ram11 0 0 0 0 0 0 0 0 0 0 0
   1   12 ram12 0 0 0 0 0 0 0 0 0 0 0
   1   13 ram13 0 0 0 0 0 0 0 0 0 0 0
   1   14 ram14 0 0 0 0 0 0 0 0 0 0 0
   1   15 ram15 0 0 0 0 0 0 0 0 0 0 0
   8    0 sda 4257317548 34044421 136169462840 1922645101 492348453 547079751 32764477308 248191912 0 1348341285 2169629456
   8    1 sda1 118 892 2030 39 2 0 4 1 0 32 40
   8    2 sda2 28 156 1472 12 8 40 384 15 0 27 27
   8    3 sda3 4257317380 34043342 136169458914 1922645044 492348443 547079711 32764476920 248191896 0 1348455373 2169769408
  11    0 sr0 0 0 0 0 0 0 0 0 0 0 0
   9    0 md0 0 0 0 0 0 0 0 0 0 0 0
   7    0 loop0 0 0 0 0 0 0 0 0 0 0 0
   7    1 loop1 0 0 0 0 0 0 0 0 0 0 0
   7    2 loop2 0 0 0 0 0 0 0 0 0 0 0
   7    3 loop3 0 0 0 0 0 0 0 0 0 0 0
   7    4 loop4 0 0 0 0 0 0 0 0 0 0 0
   7    5 loop5 0 0 0 0 0 0 0 0 0 0 0
   7    6 loop6 0 0 0 0 0 0 0 0 0 0 0
   7    7 loop7 0 0 0 0 0 0 0 0 0 0 0
TS 1298130004.088149000
   1    0 ram0 0 0 0 0 0 0 0 0 0 0 0
   1    1 ram1 0 0 0 0 0 0 0 0 0 0 0
   1    2 ram2 0 0 0 0 0 0 0 0 0 0 0
   1    3 ram3 0 0 0 0 0 0 0 0 0 0 0
   1    4 ram4 0 0 0 0 0 0 0 0 0 0 0
   1    5 ram5 0 0 0 0 0 0 0 0 0 0 0
   1    6 ram6 0 0 0 0 0 0 0 0 0 0 0
   1    7 ram7 0 0 0 0 0 0 0 0 0 0 0
   1    8 ram8 0 0 0 0 0 0 0 0 0 0 0
   1    9 ram9 0 0 0 0 0 0 0 0 0 0 0
   1   10 ram10 0 0 0 0 0 0 0 0 0 0 0
   1   11 ram11 0 0 0 0 0 0 0 0 0 0 0
   1   12 ram12 0 0 0 0 0 0 0 0 0 0 0
   1   13 ram13 0 0 0 0 0 0 0 0 0 0 0
   1   14 ram14 0 0 0 0 0 0 0 0 0 0 0
   1   15 ram15 0 0 0 0 0 0 0 0 0 0 0
   8    0 sda 4257319150 34044443 136169514008 1922645719 492348619 547079843 32764487636 248191963 1 1348341753 2169630123
   8    1 sda1 118 892 2030 39 2 0 4 1 0 32 40
   8    2 sda2 28 156 1472 12 8 40 384 15 0 27 27
   8    3 sda3 4257318982 34043364 136169510082 1922645662 492348609 547079803 32764487248 248191947 1 1348455841 2169770075
  11    0 sr0 0 0 0 0 0 0 0 0 0 0 0
   9    0 md0 0 0 0 0 0 0 0 0 0 0 0
   7    0 loop0 0 0 0 0 0 0 0 0 0 0 0
   7    1 loop1 0 0 0 0 0 0 0 0 0 0 0
   7    2 loop2 0 0 0 0 0 0 0 0 0 0 0
   7    3 loop3 0 0 0 0 0 0 0 0 0 0 0
   7    4 loop4 0 0 0 0 0 0 0 0 0 0 0
   7    5 loop5 0 0 0 0 0 0 0 0 0 0 0
   7    6 loop6 0 0 0 0 0 0 0 0 0 0 0
   7    7 loop7 0 0 0 0 0 0 0 0 0 0 0
TS 1298130005.102035000
   1    0 ram0 0 0 0 0 0 0 0 0 0 0 0
   1    1 ram1 0 0 0 0 0 0 0 0 0 0 0
   1    2 ram2 0 0 0 0 0 0 0 0 0 0 0
   1    3 ram3 0 0 0 0 0 0 0 0 0 0 0
   1    4 ram4 0 0 0 0 0 0 0 0 0 0 0
   1    5 ram5 0 0 0 0 0 0 0 0 0 0 0
   1    6 ram6 0 0 0 0 0 0 0 0 0 0 0
   1    7 ram7 0 0 0 0 0 0 0 0 0 0 0
   1    8 ram8 0 0 0 0 0 0 0 0 0 0 0
   1    9 ram9 0 0 0 0 0 0 0 0 0 0 0
   1   10 ram10 0 0 0 0 0 0 0 0 0 0 0
   1   11 ram11 0 0 0 0 0 0 0 0 0 0 0
   1   12 ram12 0 0 0 0 0 0 0 0 0 0 0
   1   13 ram13 0 0 0 0 0 0 0 0 0 0 0
   1   14 ram14 0 0 0 0 0 0 0 0 0 0 0
   1   15 ram15 0 0 0 0 0 0 0 0 0 0 0
   8    0 sda 4257320465 34044463 136169556024 1922646230 492348671 547079929 32764490260 248191980 1 1348342174 2169630651
   8    1 sda1 118 892 2030 39 2 0 4 1 0 32 40
   8    2 sda2 28 156 1472 12 8 40 384 15 0 27 27
   8    3 sda3 4257320297 34043384 136169552098 1922646173 492348661 547079889 32764489872 248191964 1 1348456262 2169770603
  11    0 sr0 0 0 0 0 0 0 0 0 0 0 0
   9    0 md0 0 0 0 0 0 0 0 0 0 0 0
   7    0 loop0 0 0 0 0 0 0 0 0 0 0 0
   7    1 loop1 0 0 0 0 0 0 0 0 0 0 0
   7    2 loop2 0 0 0 0 0 0 0 0 0 0 0
   7    3 loop3 0 0 0 0 0 0 0 0 0 0 0
   7    4 loop4 0 0 0 0 0 0 0 0 0 0 0
   7    5 loop5 0 0 0 0 0 0 0 0 0 0 0
   7    6 loop6 0 0 0 0 0 0 0 0 0 0 0
   7    7 loop7 0 0 0 0 0 0 0 0 0 0 0
TS 1298130006.116158000
   1    0 ram0 0 0 0 0 0 0 0 0 0 0 0
   1    1 ram1 0 0 0 0 0 0 0 0 0 0 0
   1    2 ram2 0 0 0 0 0 0 0 0 0 0 0
   1    3 ram3 0 0 0 0 0 0 0 0 0 0 0
   1    4 ram4 0 0 0 0 0 0 0 0 0 0 0
   1    5 ram5 0 0 0 0 0 0 0 0 0 0 0
   1    6 ram6 0 0 0 0 0 0 0 0 0 0 0
   1    7 ram7 0 0 0 0 0 0 0 0 0 0 0
   1    8 ram8 0 0 0 0 0 0 0 0 0 0 0
   1    9 ram9 0 0 0 0 0 0 0 0 0 0 0
   1   10 ram10 0 0 0 0 0 0 0 0 0 0 0
   1   11 ram11 0 0 0 0 0 0 0 0 0 0 0
   1   12 ram12 0 0 0 0 0 0 0 0 0 0 0
   1   13 ram13 0 0 0 0 0 0 0 0 0 0 0
   1   14 ram14 0 0 0 0 0 0 0 0 0 0 0
   1   15 ram15 0 0 0 0 0 0 0 0 0 0 0
   8    0 sda 4257321916 34044473 136169602456 1922646729 492348746 547080030 32764494836 248191999 0 1348342583 2169631169
   8    1 sda1 118 892 2030 39 2 0 4 1 0 32 40
   8    2 sda2 28 156 1472 12 8 40 384 15 0 27 27
   8    3 sda3 4257321748 34043394 136169598530 1922646672 492348736 547079990 32764494448 248191983 0 1348456671 2169771121
  11    0 sr0 0 0 0 0 0 0 0 0 0 0 0
   9    0 md0 0 0 0 0 0 0 0 0 0 0 0
   7    0 loop0 0 0 0 0 0 0 0 0 0 0 0
   7    1 loop1 0 0 0 0 0 0 0 0 0 0 0
   7    2 loop2 0 0 0 0 0 0 0 0 0 0 0
   7    3 loop3 0 0 0 0 0 0 0 0 0 0 0
   7    4 loop4 0 0 0 0 0 0 0 0 0 0 0
   7    5 loop5 0 0 0 0 0 0 0 0 0 0 0
   7    6 loop6 0 0 0 0 0 0 0 0 0 0 0
   7    7 loop7 0 0 0 0 0 0 0 0 0 0 0
TS 1298130007.131062000
   1    0 ram0 0 0 0 0 0 0 0 0 0 0 0
   1    1 ram1 0 0 0 0 0 0 0 0 0 0 0
   1    2 ram2 0 0 0 0 0 0 0 0 0 0 0
   1    3 ram3 0 0 0 0 0 0 0 0 0 0 0
   1    4 ram4 0 0 0 0 0 0 0 0 0 0 0
   1    5 ram5 0 0 0 0 0 0 0 0 0 0 0
   1    6 ram6 0 0 0 0 0 0 0 0 0 0 0
   1    7 ram7 0 0 0 0 0 0 0 0 0 0 0
   1    8 ram8 0 0 0 0 0 0 0 0 0 0 0
   1    9 ram9 0 0 0 0 0 0 0 0 0 0 0
   1   10 ram10 0 0 0 0 0 0 0 0 0 0 0
   1   11 ram11 0 0 0 0 0 0 0 0 0 0 0
   1   12 ram12 0 0 0 0 0 0 0 0 0 0 0
   1   13 ram13 0 0 0 0 0 0 0 0 0 0 0
   1   14 ram14 0 0 0 0 0 0 0 0 0 0 0
   1   15 ram15 0 0 0 0 0 0 0 0 0 0 0
   8    0 sda 4257323192 34044485 136169643256 1922647162 492348907 547080120 32764505908 248192059 0 1348342957 2169631661
   8    1 sda1 118 892 2030 39 2 0 4 1 0 32 40
   8    2 sda2 28 156 1472 12 8 40 384 15 0 27 27
   8    3 sda3 4257323024 34043406 136169639330 1922647105 492348897 547080080 32764505520 248192043 0 1348457045 2169771613
  11    0 sr0 0 0 0 0 0 0 0 0 0 0 0
   9    0 md0 0 0 0 0 0 0 0 0 0 0 0
   7    0 loop0 0 0 0 0 0 0 0 0 0 0 0
   7    1 loop1 0 0 0 0 0 0 0 0 0 0 0
   7    2 loop2 0 0 0 0 0 0 0 0 0 0 0
   7    3 loop3 0 0 0 0 0 0 0 0 0 0 0
   7    4 loop4 0 0 0 0 0 0 0 0 0 0 0
   7    5 loop5 0 0 0 0 0 0 0 0 0 0 0
   7    6 loop6 0 0 0 0 0 0 0 0 0 0 0
   7    7 loop7 0 0 0 0 0 0 0 0 0 0 0
TS 1298130008.145277000
