   8    3 sda3 4257315954 34043324 136169413346 1922644483 492348396 547079617 32764474048 248191881 0 1348454960 2169768832
   8    3 sda4 4257315954 34043324 136169413346 1922644483 492348396 547079617 32764474048 248191881 0 1348454960 2169768832
TS 1298130003.073935000
   8    3 sda3 4257317380 34043342 136169458914 1922645044 492348443 547079711 32764476920 248191896 0 1348455373 2169769408
   8    3 sda4 4257317380 34043342 136169458914 1922645044 492348443 547079711 32764476920 248191896 0 1348455373 2169769408
TS 1298130004.088149000
   8    3 sda3 4257318982 34043364 136169510082 1922645662 492348609 547079803 32764487248 248191947 1 1348455841 2169770075
   8    3 sda4 4257318982 34043364 136169510082 1922645662 492348609 547079803 32764487248 248191947 1 1348455841 2169770075
TS 1298130005.102035000
   8    3 sda3 4257320297 34043384 136169552098 1922646173 492348661 547079889 32764489872 248191964 1 1348456262 2169770603
   8    3 sda4 4257320297 34043384 136169552098 1922646173 492348661 547079889 32764489872 248191964 1 1348456262 2169770603
TS 1298130006.116158000
   8    3 sda3 4257321748 34043394 136169598530 1922646672 492348736 547079990 32764494448 248191983 0 1348456671 2169771121
   8    3 sda4 4257321748 34043394 136169598530 1922646672 492348736 547079990 32764494448 248191983 0 1348456671 2169771121
TS 1298130007.131062000
   8    3 sda3 4257323024 34043406 136169639330 1922647105 492348897 547080080 32764505520 248192043 0 1348457045 2169771613
   8    3 sda4 4257323024 34043406 136169639330 1922647105 492348897 547080080 32764505520 248192043 0 1348457045 2169771613
TS 1298130008.145277000
